254421 4070820 0 -1
254420.001013692 4070820.03898023 0 -1
254419.008102135 4070820.15568389 0 -1
254418.027303142 4070820.34940131 0 -1
254417.064580869 4070820.61895451 0 -1
254416.125789550 4070820.96270436 0 -1
254415.216637895 4070821.37856055 0 -1
254414.342654379 4070821.86399429 0 -1
254413.509153623 4070822.41605370 0 1
254414.297103171 4070821.80072565 0 1
254414.998299503 4070821.25163045 0 1
254415.623812897 4070820.75726131 0 1
254416.183445381 4070820.30598278 0 1
254416.685689085 4070819.88628906 0 1
254417.137714873 4070819.48703354 0 1
254417.545388073 4070819.09762934 0 1
254417.913308058 4070818.70822096 0 1
254418.244868466 4070818.30982765 0 1
254418.542548257 4070817.89449165 0 1
254418.808886113 4070817.45545743 0 1
254419.046539708 4070816.98713450 0 1
254419.258234195 4070816.48503034 0 1
254419.446254562 4070815.94561026 0 1
254419.611710788 4070815.36617934 0 1
254419.754720115 4070814.74588662 0 1
254419.874551452 4070814.08416187 0 1
254419.970030224 4070813.38119356 0 1
254420.040416433 4070812.63772524 0 1
254420.085408929 4070811.85496866 0 1
254420.105095186 4070811.03452890 0 1
254420.099901938 4070810.17833345 0 1
254420.070547226 4070809.28856563 0 1
254420.017994370 4070808.36760261 0 1
254419.943408243 4070807.41795855 0 1
254419.848114177 4070806.44223283 0 1
254419.733559745 4070805.44306353 0 1
254419.601279586 4070804.42308611 0 1
254419.452863381 4070803.38489733 0 1
254419.289927046 4070802.33102407 0 1
254419.114087119 4070801.26389706 0 1
254418.926938322 4070800.18582915 0 1
254418.730034204 4070799.09899793 0 1
254418.524870748 4070798.00543239 0 1
254418.312872811 4070796.90700321 0 1
254418.095383224 4070795.80541656 0 1
254417.873654382 4070794.70221083 0 1
254417.648842125 4070793.59875617 0 1
254417.422001711 4070792.49625640 0 1
254417.194085684 4070791.39575292 0 1
254416.965731381 4070790.29817072 0 1
254416.736464291 4070789.20451805 0 1
254416.504954221 4070788.11639975 0 1
254416.269054506 4070787.03552331 0 1
254416.025974231 4070785.96376228 0 1
254415.772504834 4070784.90313834 0 1
254415.505808624 4070783.85537718 0 1
254415.223582555 4070782.82181268 0 1
254414.924023834 4070781.80341703 0 1
254414.605792865 4070780.80083207 0 1
254414.267974384 4070779.81440138 0 1
254413.910037531 4070778.84420249 0 1
254413.531795560 4070777.89007873 0 1
254413.133365777 4070776.95167049 0 1
254412.715130236 4070776.02844528 0 1
254412.277697649 4070775.11972658 0 1
254411.821866870 4070774.22472099 0 1
254411.348592285 4070773.34254374 0 1
254410.858951332 4070772.47224222 0 1
254410.354114347 4070771.61281760 0 1
254409.835316858 4070770.76324432 0 1
254409.303834419 4070769.92248766 0 1
254408.760959995 4070769.08951913 0 1
254408.207983927 4070768.26332996 0 1
254407.646176395 4070767.44294261 0 1
254407.076772353 4070766.62742041 0 1
254406.500958806 4070765.81587546 0 1
254405.919864331 4070765.00747488 0 1
254405.334550703 4070764.20144548 0 1
254404.746006489 4070763.39707712 0 1
254404.155142436 4070762.59372465 0 1
254403.562788525 4070761.79080884 0 1
254402.969692490 4070760.98781619 0 1
254402.376519669 4070760.18429790 0 1
254401.783854011 4070759.37986806 0 1
254401.192200082 4070758.57420119 0 1
254400.601985924 4070757.76702927 0 1
254400.013566612 4070756.95813831 0 1
254399.427228393 4070756.14736461 0 1
254398.843193245 4070755.33459082 0 1
254398.261623779 4070754.51974180 0 1
254397.682628341 4070753.70278042 0 1
254397.106266242 4070752.88370338 0 1
254396.532553010 4070752.06253706 0 1
254395.961465606 4070751.23933349 0 1
254395.392947515 4070750.41416640 0 1
254394.826913686 4070749.58712758 0 1
254394.263255235 4070748.75832332 0 1
254393.701843912 4070747.92787118 0 1
254393.142536272 4070747.09589693 0 1
254392.585177543 4070746.26253182 0 1
254392.029605172 4070745.42791008 0 1
254391.475652037 4070744.59216668 0 1
254390.923149324 4070743.75543539 0 1
254390.371929076 4070742.91784706 0 1
254389.821826405 4070742.07952820 0 1
254389.272681398 4070741.24059973 0 1
254388.724340711 4070740.40117603 0 1
254388.176658873 4070739.56136414 0 1
254387.629499328 4070738.72126323 0 1
254387.082735217 4070737.88096416 0 1
254386.536249931 4070737.04054928 0 1
254385.989937454 4070736.20009233 0 1
254385.443702518 4070735.35965850 0 1
254384.899836373 4070734.52076202 0 1
254384.358204484 4070733.68350575 0 1
254383.817851153 4070732.84751023 0 1
254383.277820679 4070732.01239600 0 1
254382.737157362 4070731.17778360 0 1
254382.194905503 4070730.34329356 0 1
254381.650109401 4070729.50854643 0 1
254381.101813357 4070728.67316272 0 1
254380.550162541 4070727.83704095 0 1
254379.998511725 4070727.00091918 0 1
254379.446860909 4070726.16479740 0 1
254378.895210093 4070725.32867563 0 1
254378.343559277 4070724.49255386 0 1
254377.791908461 4070723.65643209 0 1
254377.240257645 4070722.82031031 0 1
254376.688606830 4070721.98418854 0 1
254376.136956014 4070721.14806677 0 1
254375.585305198 4070720.31194499 0 1
254375.033654382 4070719.47582322 0 1
254374.482003566 4070718.63970145 0 1
254373.930352750 4070717.80357968 0 1
254373.378701934 4070716.96745790 0 1
254372.827051118 4070716.13133613 0 1
254372.275400302 4070715.29521436 0 1
254371.723749487 4070714.45909258 0 1
254371.172098671 4070713.62297081 0 1
254370.613267735 4070712.79171369 0 1
254370 4070712.00000000 0 1