254353 4070675 0 1
254352.209676080 4070674.38772457 0 1
254351.374046035 4070673.83889351 0 1
254350.498191260 4070673.35684422 0 1
254349.587437755 4070672.94450801 0 1
254348.647323735 4070672.60439224 0 1
254347.683565955 4070672.33856515 0 1
254346.702024946 4070672.14864319 0 1
254345.708669374 4070672.03578128 0 -1
254346.707798995 4070672.07089685 0 -1
254347.706627043 4070672.02805254 0 -1
254348.699079727 4070671.90750889 0 -1
254349.679122026 4070671.70999890 0 -1
254350.640794386 4070671.43672363 0 -1
254351.578248958 4070671.08934483 0 -1
254352.485785159 4070670.66997489 0 -1
254353.357884337 4070670.18116396 0 1
254352.526525343 4070670.73644346 0 1
254351.787324884 4070671.23146464 0 1
254351.128920431 4070671.67622232 0 1
254350.541001267 4070672.08093188 0 1
254350.014377985 4070672.45579897 0 1
254349.541022881 4070672.81081356 0 1
254349.114083978 4070673.15556869 0 1
254348.727875462 4070673.49910371 0 1
254348.377847339 4070673.84977158 0 1
254348.060537086 4070674.21512964 0 1
254347.773506029 4070674.60185276 0 1
254347.515263066 4070675.01566803 0 1
254347.285178265 4070675.46130948 0 1
254347.083388716 4070675.94249165 0 1
254346.910698890 4070676.46190048 0 1
254346.768477559 4070677.02120004 0 1
254346.658030939 4070677.62118856 0 1
254346.580063789 4070678.26200243 0 1
254346.534744197 4070678.94319638 0 1
254346.521767758 4070679.66382164 0 1
254346.540420344 4070680.42250155 0 1
254346.589638755 4070681.21750356 0 1
254346.668068689 4070682.04680734 0 1
254346.774119550 4070682.90816839 0 1
254346.906277763 4070683.79911271 0 1
254347.063376632 4070684.71692180 0 1
254347.244563570 4070685.65868032 0 1
254347.449266255 4070686.62132094 0 1
254347.677158339 4070687.60166590 0 1
254347.928125234 4070688.59646533 0 1
254348.202230467 4070689.60243210 0 1
254348.499683002 4070690.61627330 0 1
254348.820342908 4070691.63499513 0 1
254348.820342908 4070691.63499513 0 1
254348.820342908 4070691.63499513 0 1
254348.820342908 4070691.63499513 0 1
254348.820342908 4070691.63499513 0 1
254348.820342908 4070691.63499513 0 1
254348.820342908 4070691.63499513 0 1
254348.820342908 4070691.63499513 0 1
254348.820342908 4070691.63499513 0 1
254348.820342908 4070691.63499513 0 1
254348.820342908 4070691.63499513 0 1
254348.820342908 4070691.63499513 0 1
254348.820342908 4070691.63499513 0 1
254348.820342908 4070691.63499513 0 1
254348.820342908 4070691.63499513 0 1
254348.820342908 4070691.63499513 0 1
254348.820342908 4070691.63499513 0 1
254348.820342908 4070691.63499513 0 1
254348.820342908 4070691.63499513 0 1
254348.820342908 4070691.63499513 0 1
254348.820342908 4070691.63499513 0 1
254348.820342908 4070691.63499513 0 1
254348.820342908 4070691.63499513 0 1
254348.820342908 4070691.63499513 0 1
254348.820342908 4070691.63499513 0 1
254348.820342908 4070691.63499513 0 1
254348.820342908 4070691.63499513 0 1
254348.820342908 4070691.63499513 0 1
254348.820342908 4070691.63499513 0 1
254348.820342908 4070691.63499513 0 1
254348.820342908 4070691.63499513 0 1
254348.820342908 4070691.63499513 0 1
254348.820342908 4070691.63499513 0 1
254348.820342908 4070691.63499513 0 1
254348.820342908 4070691.63499513 0 1
254348.820342908 4070691.63499513 0 1
254348.820342908 4070691.63499513 0 1
254348.820342908 4070691.63499513 0 1
254348.820342908 4070691.63499513 0 1
254348.820342908 4070691.63499513 0 1
254348.820342908 4070691.63499513 0 1
254348.820342908 4070691.63499513 0 1
254348.820342908 4070691.63499513 0 1
254348.820342908 4070691.63499513 0 1
254348.820342908 4070691.63499513 0 1
254348.820342908 4070691.63499513 0 1
254348.820342908 4070691.63499513 0 1
254348.820342908 4070691.63499513 0 1
254348.820342908 4070691.63499513 0 1
254348.820342908 4070691.63499513 0 1
254348.820342908 4070691.63499513 0 1
254348.820342908 4070691.63499513 0 1
254348.820342908 4070691.63499513 0 1
254348.820342908 4070691.63499513 0 1
254348.820342908 4070691.63499513 0 1
254348.820342908 4070691.63499513 0 1
254348.820342908 4070691.63499513 0 1
254348.820342908 4070691.63499513 0 1
254348.820342908 4070691.63499513 0 1
254348.820342908 4070691.63499513 0 1
254348.820342908 4070691.63499513 0 1
254348.820342908 4070691.63499513 0 1
254348.820342908 4070691.63499513 0 1
254348.820342908 4070691.63499513 0 1
254348.820342908 4070691.63499513 0 1
254348.820342908 4070691.63499513 0 1
254348.820342908 4070691.63499513 0 1
254348.820342908 4070691.63499513 0 1
254348.820342908 4070691.63499513 0 1
254348.820342908 4070691.63499513 0 1
254348.820342908 4070691.63499513 0 1
254348.820342908 4070691.63499513 0 1
254348.820342908 4070691.63499513 0 1
254348.820342908 4070691.63499513 0 1
254348.820342908 4070691.63499513 0 1
254348.820342908 4070691.63499513 0 1
254348.820342908 4070691.63499513 0 1
254348.820342908 4070691.63499513 0 1
254348.820342908 4070691.63499513 0 1
254348.820342908 4070691.63499513 0 1
254348.820342908 4070691.63499513 0 1
254348.820342908 4070691.63499513 0 1
254348.820342908 4070691.63499513 0 1
254348.820342908 4070691.63499513 0 1
254348.820342908 4070691.63499513 0 1
254348.820342908 4070691.63499513 0 1
254348.820342908 4070691.63499513 0 1
254348.820342908 4070691.63499513 0 1
254348.820342908 4070691.63499513 0 1
254348.820342908 4070691.63499513 0 1
254348.820342908 4070691.63499513 0 1
254348.820342908 4070691.63499513 0 1
254348.820342908 4070691.63499513 0 1
254348.820342908 4070691.63499513 0 1
254348.820342908 4070691.63499513 0 1
254348.820342908 4070691.63499513 0 1
254348.820342908 4070691.63499513 0 1
254348.820342908 4070691.63499513 0 1
254348.820342908 4070691.63499513 0 1
254348.820342908 4070691.63499513 0 1
254348.820342908 4070691.63499513 0 1
254348.820342908 4070691.63499513 0 1
254348.820342908 4070691.63499513 0 1
254348.820342908 4070691.63499513 0 1
254348.820342908 4070691.63499513 0 1
254348.820342908 4070691.63499513 0 1
254348.820342908 4070691.63499513 0 1
254348.820342908 4070691.63499513 0 1
254348.820342908 4070691.63499513 0 1
254348.820342908 4070691.63499513 0 1
254348.820342908 4070691.63499513 0 1
254348.820342908 4070691.63499513 0 1
254348.820342908 4070691.63499513 0 1
254348.820342908 4070691.63499513 0 1
254348.820342908 4070691.63499513 0 1
254348.820342908 4070691.63499513 0 1
254348.820342908 4070691.63499513 0 1
254348.820342908 4070691.63499513 0 1
254348.820342908 4070691.63499513 0 1
254348.820342908 4070691.63499513 0 1
254348.820342908 4070691.63499513 0 1
254348.820342908 4070691.63499513 0 1
254348.820342908 4070691.63499513 0 1
254348.820342908 4070691.63499513 0 1
254348.820342908 4070691.63499513 0 1
254348.820342908 4070691.63499513 0 1
254348.820342908 4070691.63499513 0 1
254348.820342908 4070691.63499513 0 1
254348.820342908 4070691.63499513 0 1
254348.820342908 4070691.63499513 0 1
254348.820342908 4070691.63499513 0 1
254348.820342908 4070691.63499513 0 1
254348.820342908 4070691.63499513 0 1
254348.820342908 4070691.63499513 0 1
254348.820342908 4070691.63499513 0 1
254348.820342908 4070691.63499513 0 1
254348.820342908 4070691.63499513 0 1
254348.820342908 4070691.63499513 0 1
254348.820342908 4070691.63499513 0 1
254348.820342908 4070691.63499513 0 1
254348.820342908 4070691.63499513 0 1
254348.820342908 4070691.63499513 0 1
254348.820342908 4070691.63499513 0 1
254348.820342908 4070691.63499513 0 1
254348.820342908 4070691.63499513 0 1
254348.820342908 4070691.63499513 0 1
254348.820342908 4070691.63499513 0 1
254348.820342908 4070691.63499513 0 1
254348.820342908 4070691.63499513 0 1
254348.820342908 4070691.63499513 0 1
254348.820342908 4070691.63499513 0 1
254348.820342908 4070691.63499513 0 1
254348.820342908 4070691.63499513 0 1
254348.820342908 4070691.63499513 0 1
254348.820342908 4070691.63499513 0 1
254348.820342908 4070691.63499513 0 1
254348.820342908 4070691.63499513 0 1
254348.820342908 4070691.63499513 0 1
254348.820342908 4070691.63499513 0 1
254348.820342908 4070691.63499513 0 1
254348.820342908 4070691.63499513 0 1
254348.820342908 4070691.63499513 0 1
254348.820342908 4070691.63499513 0 1
254348.820342908 4070691.63499513 0 1
254348.820342908 4070691.63499513 0 1
254348.820342908 4070691.63499513 0 1
254348.820342908 4070691.63499513 0 1
254348.820342908 4070691.63499513 0 1
254348.820342908 4070691.63499513 0 1
254348.820342908 4070691.63499513 0 1
254348.820342908 4070691.63499513 0 1
254348.820342908 4070691.63499513 0 1
254348.820342908 4070691.63499513 0 1
254348.820342908 4070691.63499513 0 1
254348.820342908 4070691.63499513 0 1
254348.820342908 4070691.63499513 0 1
254348.820342908 4070691.63499513 0 1
254348.820342908 4070691.63499513 0 1
254348.820342908 4070691.63499513 0 1
254348.820342908 4070691.63499513 0 1
254348.820342908 4070691.63499513 0 1
254348.820342908 4070691.63499513 0 1
254348.820342908 4070691.63499513 0 1
254348.820342908 4070691.63499513 0 1
254348.820342908 4070691.63499513 0 1
254348.820342908 4070691.63499513 0 1
254348.820342908 4070691.63499513 0 1
254348.820342908 4070691.63499513 0 1
254348.820342908 4070691.63499513 0 1
254348.820342908 4070691.63499513 0 1
254348.820342908 4070691.63499513 0 1
254348.820342908 4070691.63499513 0 1
254348.820342908 4070691.63499513 0 1
254348.820342908 4070691.63499513 0 1
254348.820342908 4070691.63499513 0 1
254348.820342908 4070691.63499513 0 1
254348.820342908 4070691.63499513 0 1
254348.820342908 4070691.63499513 0 1
254348.820342908 4070691.63499513 0 1
254348.820342908 4070691.63499513 0 1
254348.820342908 4070691.63499513 0 1
254348.820342908 4070691.63499513 0 1
254348.820342908 4070691.63499513 0 1
254348.820342908 4070691.63499513 0 1
254348.820342908 4070691.63499513 0 1
254348.820342908 4070691.63499513 0 1
254348.820342908 4070691.63499513 0 1
254348.820342908 4070691.63499513 0 1
254348.820342908 4070691.63499513 0 1
254348.820342908 4070691.63499513 0 1
254348.820342908 4070691.63499513 0 1
254348.820342908 4070691.63499513 0 1
254348.820342908 4070691.63499513 0 1
254348.820342908 4070691.63499513 0 1
254348.820342908 4070691.63499513 0 1
254348.820342908 4070691.63499513 0 1
254348.820342908 4070691.63499513 0 1
254348.820342908 4070691.63499513 0 1
254348.820342908 4070691.63499513 0 1
254348.820342908 4070691.63499513 0 1
254348.820342908 4070691.63499513 0 1
254348.820342908 4070691.63499513 0 1
254348.820342908 4070691.63499513 0 1
254348.820342908 4070691.63499513 0 1
254348.820342908 4070691.63499513 0 1
254348.820342908 4070691.63499513 0 1
254348.820342908 4070691.63499513 0 1
254348.820342908 4070691.63499513 0 1
254348.820342908 4070691.63499513 0 1
254348.820342908 4070691.63499513 0 1
254348.820342908 4070691.63499513 0 1
254348.820342908 4070691.63499513 0 1
254348.820342908 4070691.63499513 0 1
254348.820342908 4070691.63499513 0 1
254348.820342908 4070691.63499513 0 1
254348.820342908 4070691.63499513 0 1
254348.820342908 4070691.63499513 0 1
254348.820342908 4070691.63499513 0 1
254348.820342908 4070691.63499513 0 1
254348.820342908 4070691.63499513 0 1
254348.820342908 4070691.63499513 0 1
254348.820342908 4070691.63499513 0 1
254348.820342908 4070691.63499513 0 1
254348.820342908 4070691.63499513 0 1
254348.820342908 4070691.63499513 0 1
254348.820342908 4070691.63499513 0 1
254348.820342908 4070691.63499513 0 1
254348.820342908 4070691.63499513 0 1
254348.820342908 4070691.63499513 0 1
254348.820342908 4070691.63499513 0 1
254348.820342908 4070691.63499513 0 1
254348.820342908 4070691.63499513 0 1
254348.820342908 4070691.63499513 0 1
254348.820342908 4070691.63499513 0 1
254348.820342908 4070691.63499513 0 1
254348.820342908 4070691.63499513 0 1
254348.820342908 4070691.63499513 0 1
254348.820342908 4070691.63499513 0 1
254348.820342908 4070691.63499513 0 1
254348.820342908 4070691.63499513 0 1
254348.820342908 4070691.63499513 0 1
254348.820342908 4070691.63499513 0 1
254348.820342908 4070691.63499513 0 1
254348.820342908 4070691.63499513 0 1
254348.820342908 4070691.63499513 0 1
254348.820342908 4070691.63499513 0 1
254348.820342908 4070691.63499513 0 1
254348.820342908 4070691.63499513 0 1
254348.820342908 4070691.63499513 0 1
254348.820342908 4070691.63499513 0 1
254348.820342908 4070691.63499513 0 1
254348.820342908 4070691.63499513 0 1
254348.820342908 4070691.63499513 0 1
254348.820342908 4070691.63499513 0 1
254348.820342908 4070691.63499513 0 1
254348.820342908 4070691.63499513 0 1
254348.820342908 4070691.63499513 0 1
254348.820342908 4070691.63499513 0 1
254348.820342908 4070691.63499513 0 1
254348.820342908 4070691.63499513 0 1
254348.820342908 4070691.63499513 0 1
254348.820342908 4070691.63499513 0 1
254348.820342908 4070691.63499513 0 1
254348.820342908 4070691.63499513 0 1
254348.820342908 4070691.63499513 0 1
254348.820342908 4070691.63499513 0 1
254348.820342908 4070691.63499513 0 1
254348.820342908 4070691.63499513 0 1
254348.820342908 4070691.63499513 0 1
254348.820342908 4070691.63499513 0 1
254348.820342908 4070691.63499513 0 1
254348.820342908 4070691.63499513 0 1
254348.820342908 4070691.63499513 0 1
254348.820342908 4070691.63499513 0 1
254348.820342908 4070691.63499513 0 1
254348.820342908 4070691.63499513 0 1
254348.820342908 4070691.63499513 0 1
254348.820342908 4070691.63499513 0 1
254348.820342908 4070691.63499513 0 1
254348.820342908 4070691.63499513 0 1
254348.820342908 4070691.63499513 0 1
254348.820342908 4070691.63499513 0 1
254348.820342908 4070691.63499513 0 1
254348.820342908 4070691.63499513 0 1
254348.820342908 4070691.63499513 0 1
254348.820342908 4070691.63499513 0 1
254348.820342908 4070691.63499513 0 1
254348.820342908 4070691.63499513 0 1
254348.820342908 4070691.63499513 0 1
254348.820342908 4070691.63499513 0 1
254348.820342908 4070691.63499513 0 1
254348.820342908 4070691.63499513 0 1
254348.820342908 4070691.63499513 0 1
254348.820342908 4070691.63499513 0 1
254348.820342908 4070691.63499513 0 1
254348.820342908 4070691.63499513 0 1
254348.820342908 4070691.63499513 0 1
254348.820342908 4070691.63499513 0 1
254348.820342908 4070691.63499513 0 1
254348.820342908 4070691.63499513 0 1
254348.820342908 4070691.63499513 0 1
254348.820342908 4070691.63499513 0 1
254348.820342908 4070691.63499513 0 1
254348.820342908 4070691.63499513 0 1
254348.820342908 4070691.63499513 0 1
254348.820342908 4070691.63499513 0 1
254348.820342908 4070691.63499513 0 1
254348.820342908 4070691.63499513 0 1
254348.820342908 4070691.63499513 0 1
254348.820342908 4070691.63499513 0 1
254348.820342908 4070691.63499513 0 1
254348.820342908 4070691.63499513 0 1
254348.820342908 4070691.63499513 0 1
254348.820342908 4070691.63499513 0 1
254348.820342908 4070691.63499513 0 1
254348.820342908 4070691.63499513 0 1
254348.820342908 4070691.63499513 0 1
254348.820342908 4070691.63499513 0 1
254348.820342908 4070691.63499513 0 1
254348.820342908 4070691.63499513 0 1
254348.820342908 4070691.63499513 0 1
254348.820342908 4070691.63499513 0 1
254348.820342908 4070691.63499513 0 1
254348.820342908 4070691.63499513 0 1
254348.820342908 4070691.63499513 0 1
254348.820342908 4070691.63499513 0 1
254348.820342908 4070691.63499513 0 1
254348.820342908 4070691.63499513 0 1
254348.820342908 4070691.63499513 0 1
254348.820342908 4070691.63499513 0 1
254348.820342908 4070691.63499513 0 1
254348.820342908 4070691.63499513 0 1
254348.820342908 4070691.63499513 0 1
254348.820342908 4070691.63499513 0 1
254348.820342908 4070691.63499513 0 1
254348.820342908 4070691.63499513 0 1
254348.820342908 4070691.63499513 0 1
254348.820342908 4070691.63499513 0 1
254348.820342908 4070691.63499513 0 1
254348.820342908 4070691.63499513 0 1
254348.820342908 4070691.63499513 0 1
254348.820342908 4070691.63499513 0 1
254348.820342908 4070691.63499513 0 1
254348.820342908 4070691.63499513 0 1
254348.820342908 4070691.63499513 0 1
254348.820342908 4070691.63499513 0 1
254348.820342908 4070691.63499513 0 1
254348.820342908 4070691.63499513 0 1
254348.820342908 4070691.63499513 0 1
254348.820342908 4070691.63499513 0 1
254348.820342908 4070691.63499513 0 1
254348.820342908 4070691.63499513 0 1
254348.820342908 4070691.63499513 0 1
254348.820342908 4070691.63499513 0 1
254348.820342908 4070691.63499513 0 1
254348.820342908 4070691.63499513 0 1
254348.820342908 4070691.63499513 0 1
254348.820342908 4070691.63499513 0 1
254348.820342908 4070691.63499513 0 1
254348.820342908 4070691.63499513 0 1
254348.820342908 4070691.63499513 0 1
254348.820342908 4070691.63499513 0 1
254348.820342908 4070691.63499513 0 1
254348.820342908 4070691.63499513 0 1
254348.820342908 4070691.63499513 0 1
254348.820342908 4070691.63499513 0 1
254348.820342908 4070691.63499513 0 1
254348.820342908 4070691.63499513 0 1
254348.820342908 4070691.63499513 0 1
254348.820342908 4070691.63499513 0 1
254348.820342908 4070691.63499513 0 1
254348.820342908 4070691.63499513 0 1
254348.820342908 4070691.63499513 0 1
254348.820342908 4070691.63499513 0 1
254348.820342908 4070691.63499513 0 1
254348.820342908 4070691.63499513 0 1
254348.820342908 4070691.63499513 0 1
254348.820342908 4070691.63499513 0 1
254348.820342908 4070691.63499513 0 1
254348.820342908 4070691.63499513 0 1
254348.820342908 4070691.63499513 0 1
254348.820342908 4070691.63499513 0 1
254348.820342908 4070691.63499513 0 1
254348.820342908 4070691.63499513 0 1
254348.820342908 4070691.63499513 0 1
254348.820342908 4070691.63499513 0 1
254348.820342908 4070691.63499513 0 1
254348.820342908 4070691.63499513 0 1
254348.820342908 4070691.63499513 0 1
254348.820342908 4070691.63499513 0 1
254348.820342908 4070691.63499513 0 1
254348.820342908 4070691.63499513 0 1
254348.820342908 4070691.63499513 0 1
254348.820342908 4070691.63499513 0 1
254348.820342908 4070691.63499513 0 1
254348.820342908 4070691.63499513 0 1
254348.820342908 4070691.63499513 0 1
254348.820342908 4070691.63499513 0 1
254348.820342908 4070691.63499513 0 1
254348.820342908 4070691.63499513 0 1
254348.820342908 4070691.63499513 0 1
254348.820342908 4070691.63499513 0 1
254348.820342908 4070691.63499513 0 1
254348.820342908 4070691.63499513 0 1
254348.820342908 4070691.63499513 0 1
254348.820342908 4070691.63499513 0 1
254348.820342908 4070691.63499513 0 1
254348.820342908 4070691.63499513 0 1
254348.820342908 4070691.63499513 0 1
254348.820342908 4070691.63499513 0 1
254348.820342908 4070691.63499513 0 1
254348.820342908 4070691.63499513 0 1
254348.820342908 4070691.63499513 0 1
254348.820342908 4070691.63499513 0 1
254348.820342908 4070691.63499513 0 1
254348.820342908 4070691.63499513 0 1
254348.820342908 4070691.63499513 0 1
254348.820342908 4070691.63499513 0 1
254348.820342908 4070691.63499513 0 1
254348.820342908 4070691.63499513 0 1
254348.820342908 4070691.63499513 0 1
254348.820342908 4070691.63499513 0 1
254348.820342908 4070691.63499513 0 1
254348.820342908 4070691.63499513 0 1
254348.820342908 4070691.63499513 0 1
254348.820342908 4070691.63499513 0 1
254348.820342908 4070691.63499513 0 1
254348.820342908 4070691.63499513 0 1
254348.820342908 4070691.63499513 0 1
254348.820342908 4070691.63499513 0 1
254348.820342908 4070691.63499513 0 1
254348.820342908 4070691.63499513 0 1
254348.820342908 4070691.63499513 0 1
254348.820342908 4070691.63499513 0 1
254348.820342908 4070691.63499513 0 1
254348.820342908 4070691.63499513 0 1
254348.820342908 4070691.63499513 0 1
254348.820342908 4070691.63499513 0 1
254348.820342908 4070691.63499513 0 1
254348.820342908 4070691.63499513 0 1
254348.820342908 4070691.63499513 0 1
254348.820342908 4070691.63499513 0 1
254348.820342908 4070691.63499513 0 1
254348.820342908 4070691.63499513 0 1
254348.820342908 4070691.63499513 0 1
254348.820342908 4070691.63499513 0 1
254348.820342908 4070691.63499513 0 1
254348.820342908 4070691.63499513 0 1
254348.820342908 4070691.63499513 0 1
254348.820342908 4070691.63499513 0 1
254348.820342908 4070691.63499513 0 1
254348.820342908 4070691.63499513 0 1
254348.820342908 4070691.63499513 0 1
254348.820342908 4070691.63499513 0 1
254348.820342908 4070691.63499513 0 1
254348.820342908 4070691.63499513 0 1
254348.820342908 4070691.63499513 0 1
254348.820342908 4070691.63499513 0 1
254348.820342908 4070691.63499513 0 1
254348.820342908 4070691.63499513 0 1
254348.820342908 4070691.63499513 0 1
254348.820342908 4070691.63499513 0 1
254348.820342908 4070691.63499513 0 1
254348.820342908 4070691.63499513 0 1
254348.820342908 4070691.63499513 0 1
254348.820342908 4070691.63499513 0 1
254348.820342908 4070691.63499513 0 1
254348.820342908 4070691.63499513 0 1
254348.820342908 4070691.63499513 0 1
254348.820342908 4070691.63499513 0 1
254348.820342908 4070691.63499513 0 1
254348.820342908 4070691.63499513 0 1
254348.820342908 4070691.63499513 0 1
254348.820342908 4070691.63499513 0 1
254348.820342908 4070691.63499513 0 1
254348.820342908 4070691.63499513 0 1
254348.820342908 4070691.63499513 0 1
254348.820342908 4070691.63499513 0 1
254348.820342908 4070691.63499513 0 1
254348.820342908 4070691.63499513 0 1
254348.820342908 4070691.63499513 0 1
254348.820342908 4070691.63499513 0 1
254348.820342908 4070691.63499513 0 1
254348.820342908 4070691.63499513 0 1
254348.820342908 4070691.63499513 0 1
254348.820342908 4070691.63499513 0 1
254348.820342908 4070691.63499513 0 1
254348.820342908 4070691.63499513 0 1
254348.820342908 4070691.63499513 0 1
254348.820342908 4070691.63499513 0 1
254348.820342908 4070691.63499513 0 1
254348.820342908 4070691.63499513 0 1
254348.820342908 4070691.63499513 0 1
254348.820342908 4070691.63499513 0 1
254348.820342908 4070691.63499513 0 1
254348.820342908 4070691.63499513 0 1
254348.820342908 4070691.63499513 0 1
254348.820342908 4070691.63499513 0 1
254348.820342908 4070691.63499513 0 1
254348.820342908 4070691.63499513 0 1
254348.820342908 4070691.63499513 0 1
254348.820342908 4070691.63499513 0 1
254348.820342908 4070691.63499513 0 1
254348.820342908 4070691.63499513 0 1
254348.820342908 4070691.63499513 0 1
254348.820342908 4070691.63499513 0 1
254348.820342908 4070691.63499513 0 1
254348.820342908 4070691.63499513 0 1
254348.820342908 4070691.63499513 0 1
254348.820342908 4070691.63499513 0 1
254348.820342908 4070691.63499513 0 1
254348.820342908 4070691.63499513 0 1
254348.820342908 4070691.63499513 0 1
254348.820342908 4070691.63499513 0 1
254348.820342908 4070691.63499513 0 1
254348.820342908 4070691.63499513 0 1
254348.820342908 4070691.63499513 0 1
254348.820342908 4070691.63499513 0 1
254348.820342908 4070691.63499513 0 1
254348.820342908 4070691.63499513 0 1
254348.820342908 4070691.63499513 0 1
254348.820342908 4070691.63499513 0 1
254348.820342908 4070691.63499513 0 1
254348.820342908 4070691.63499513 0 1
254348.820342908 4070691.63499513 0 1
254348.820342908 4070691.63499513 0 1
254348.820342908 4070691.63499513 0 1
254348.820342908 4070691.63499513 0 1
254348.820342908 4070691.63499513 0 1
254348.820342908 4070691.63499513 0 1
254348.820342908 4070691.63499513 0 1
254348.820342908 4070691.63499513 0 1
254348.820342908 4070691.63499513 0 1
254348.820342908 4070691.63499513 0 1
254348.820342908 4070691.63499513 0 1
254348.820342908 4070691.63499513 0 1
254348.820342908 4070691.63499513 0 1
254348.820342908 4070691.63499513 0 1
254348.820342908 4070691.63499513 0 1
254348.820342908 4070691.63499513 0 1
254348.820342908 4070691.63499513 0 1
254348.820342908 4070691.63499513 0 1
254348.820342908 4070691.63499513 0 1
254348.820342908 4070691.63499513 0 1
254348.820342908 4070691.63499513 0 1
254348.820342908 4070691.63499513 0 1
254348.820342908 4070691.63499513 0 1
254348.820342908 4070691.63499513 0 1
254348.820342908 4070691.63499513 0 1
254348.820342908 4070691.63499513 0 1
254348.820342908 4070691.63499513 0 1
254348.820342908 4070691.63499513 0 1
254348.820342908 4070691.63499513 0 1
254348.820342908 4070691.63499513 0 1
254348.820342908 4070691.63499513 0 1
254348.820342908 4070691.63499513 0 1
254348.820342908 4070691.63499513 0 1
254348.820342908 4070691.63499513 0 1
254348.820342908 4070691.63499513 0 1
254348.820342908 4070691.63499513 0 1
254348.820342908 4070691.63499513 0 1
254348.820342908 4070691.63499513 0 1
254348.820342908 4070691.63499513 0 1
254348.820342908 4070691.63499513 0 1
254348.820342908 4070691.63499513 0 1
254348.820342908 4070691.63499513 0 1
254348.820342908 4070691.63499513 0 1
254348.820342908 4070691.63499513 0 1
254348.820342908 4070691.63499513 0 1
254348.820342908 4070691.63499513 0 1
254348.820342908 4070691.63499513 0 1
254348.820342908 4070691.63499513 0 1
254348.820342908 4070691.63499513 0 1
254348.820342908 4070691.63499513 0 1
254348.820342908 4070691.63499513 0 1
254348.820342908 4070691.63499513 0 1
254348.820342908 4070691.63499513 0 1
254348.820342908 4070691.63499513 0 1
254348.820342908 4070691.63499513 0 1
254348.820342908 4070691.63499513 0 1
254348.820342908 4070691.63499513 0 1
254348.820342908 4070691.63499513 0 1
254348.820342908 4070691.63499513 0 1
254348.820342908 4070691.63499513 0 1
254348.820342908 4070691.63499513 0 1
254348.820342908 4070691.63499513 0 1
254348.820342908 4070691.63499513 0 1
254348.820342908 4070691.63499513 0 1
254348.820342908 4070691.63499513 0 1
254348.820342908 4070691.63499513 0 1
254348.820342908 4070691.63499513 0 1
254348.820342908 4070691.63499513 0 1
254348.820342908 4070691.63499513 0 1
254348.820342908 4070691.63499513 0 1
254348.820342908 4070691.63499513 0 1
254348.820342908 4070691.63499513 0 1
254348.820342908 4070691.63499513 0 1
254348.820342908 4070691.63499513 0 1
254348.820342908 4070691.63499513 0 1
254348.820342908 4070691.63499513 0 1
254348.820342908 4070691.63499513 0 1
254348.820342908 4070691.63499513 0 1
254348.820342908 4070691.63499513 0 1
254348.820342908 4070691.63499513 0 1
254348.820342908 4070691.63499513 0 1
254348.820342908 4070691.63499513 0 1
254348.820342908 4070691.63499513 0 1
254348.820342908 4070691.63499513 0 1
254348.820342908 4070691.63499513 0 1
254348.820342908 4070691.63499513 0 1
254348.820342908 4070691.63499513 0 1
254348.820342908 4070691.63499513 0 1
254348.820342908 4070691.63499513 0 1
254348.820342908 4070691.63499513 0 1
254348.820342908 4070691.63499513 0 1
254348.820342908 4070691.63499513 0 1
254348.820342908 4070691.63499513 0 1
254348.820342908 4070691.63499513 0 1
254348.820342908 4070691.63499513 0 1
254348.820342908 4070691.63499513 0 1
254348.820342908 4070691.63499513 0 1
254348.820342908 4070691.63499513 0 1
254348.820342908 4070691.63499513 0 1
254348.820342908 4070691.63499513 0 1
254348.820342908 4070691.63499513 0 1
254348.820342908 4070691.63499513 0 1
254348.820342908 4070691.63499513 0 1
254348.820342908 4070691.63499513 0 1
254348.820342908 4070691.63499513 0 1
254348.820342908 4070691.63499513 0 1
254348.820342908 4070691.63499513 0 1
254348.820342908 4070691.63499513 0 1
254348.820342908 4070691.63499513 0 1
254348.820342908 4070691.63499513 0 1
254348.820342908 4070691.63499513 0 1
254348.820342908 4070691.63499513 0 1
254348.820342908 4070691.63499513 0 1
254348.820342908 4070691.63499513 0 1
254348.820342908 4070691.63499513 0 1
254348.820342908 4070691.63499513 0 1
254348.820342908 4070691.63499513 0 1
254348.820342908 4070691.63499513 0 1
254348.820342908 4070691.63499513 0 1
254348.820342908 4070691.63499513 0 1
254348.820342908 4070691.63499513 0 1
254348.820342908 4070691.63499513 0 1
254348.820342908 4070691.63499513 0 1
254348.820342908 4070691.63499513 0 1
254348.820342908 4070691.63499513 0 1
254348.820342908 4070691.63499513 0 1
254348.820342908 4070691.63499513 0 1
254348.820342908 4070691.63499513 0 1
254348.820342908 4070691.63499513 0 1
254348.820342908 4070691.63499513 0 1
254348.820342908 4070691.63499513 0 1
254348.820342908 4070691.63499513 0 1
254348.820342908 4070691.63499513 0 1
254348.820342908 4070691.63499513 0 1
254348.820342908 4070691.63499513 0 1
254348.820342908 4070691.63499513 0 1
254348.820342908 4070691.63499513 0 1
254348.820342908 4070691.63499513 0 1
254348.820342908 4070691.63499513 0 1
254348.820342908 4070691.63499513 0 1
254348.820342908 4070691.63499513 0 1
254348.820342908 4070691.63499513 0 1
254348.820342908 4070691.63499513 0 1
254348.820342908 4070691.63499513 0 1
254348.820342908 4070691.63499513 0 1
254348.820342908 4070691.63499513 0 1
254348.820342908 4070691.63499513 0 1
254348.820342908 4070691.63499513 0 1
254348.820342908 4070691.63499513 0 1
254348.820342908 4070691.63499513 0 1
254348.820342908 4070691.63499513 0 1
254348.820342908 4070691.63499513 0 1
254348.820342908 4070691.63499513 0 1
254348.820342908 4070691.63499513 0 1
254348.820342908 4070691.63499513 0 1
254348.820342908 4070691.63499513 0 1
254348.820342908 4070691.63499513 0 1
254348.820342908 4070691.63499513 0 1
254348.820342908 4070691.63499513 0 1
254348.820342908 4070691.63499513 0 1
254348.820342908 4070691.63499513 0 1
254348.820342908 4070691.63499513 0 1
254348.820342908 4070691.63499513 0 1
254348.820342908 4070691.63499513 0 1
254348.820342908 4070691.63499513 0 1
254348.820342908 4070691.63499513 0 1
254348.820342908 4070691.63499513 0 1
254348.820342908 4070691.63499513 0 1
254348.820342908 4070691.63499513 0 1
254348.820342908 4070691.63499513 0 1
254348.820342908 4070691.63499513 0 1
254348.820342908 4070691.63499513 0 1
254348.820342908 4070691.63499513 0 1
254348.820342908 4070691.63499513 0 1
254348.820342908 4070691.63499513 0 1
254348.820342908 4070691.63499513 0 1
254348.820342908 4070691.63499513 0 1
254348.820342908 4070691.63499513 0 1
254348.820342908 4070691.63499513 0 1
254348.820342908 4070691.63499513 0 1
254348.820342908 4070691.63499513 0 1
254348.820342908 4070691.63499513 0 1
254348.820342908 4070691.63499513 0 1
254348.820342908 4070691.63499513 0 1
254348.820342908 4070691.63499513 0 1
254348.820342908 4070691.63499513 0 1
254348.820342908 4070691.63499513 0 1
254348.820342908 4070691.63499513 0 1
254348.820342908 4070691.63499513 0 1
254348.820342908 4070691.63499513 0 1
254348.820342908 4070691.63499513 0 1
254348.820342908 4070691.63499513 0 1
254348.820342908 4070691.63499513 0 1
254348.820342908 4070691.63499513 0 1
254348.820342908 4070691.63499513 0 1
254348.820342908 4070691.63499513 0 1
254348.820342908 4070691.63499513 0 1
254348.820342908 4070691.63499513 0 1
254348.820342908 4070691.63499513 0 1
254348.820342908 4070691.63499513 0 1
254348.820342908 4070691.63499513 0 1
254348.820342908 4070691.63499513 0 1
254348.820342908 4070691.63499513 0 1
254348.820342908 4070691.63499513 0 1
254348.820342908 4070691.63499513 0 1
254348.820342908 4070691.63499513 0 1
254348.820342908 4070691.63499513 0 1
254348.820342908 4070691.63499513 0 1
254348.820342908 4070691.63499513 0 1
254348.820342908 4070691.63499513 0 1
254348.820342908 4070691.63499513 0 1
254348.820342908 4070691.63499513 0 1
254348.820342908 4070691.63499513 0 1
254348.820342908 4070691.63499513 0 1
254348.820342908 4070691.63499513 0 1
254348.820342908 4070691.63499513 0 1
254348.820342908 4070691.63499513 0 1
254348.820342908 4070691.63499513 0 1
254348.820342908 4070691.63499513 0 1
254348.820342908 4070691.63499513 0 1
254348.820342908 4070691.63499513 0 1
254348.820342908 4070691.63499513 0 1
254348.820342908 4070691.63499513 0 1
254348.820342908 4070691.63499513 0 1
254348.820342908 4070691.63499513 0 1
254348.820342908 4070691.63499513 0 1
254348.820342908 4070691.63499513 0 1
254348.820342908 4070691.63499513 0 1
254348.820342908 4070691.63499513 0 1
254348.820342908 4070691.63499513 0 1
254348.820342908 4070691.63499513 0 1
254348.820342908 4070691.63499513 0 1
254348.820342908 4070691.63499513 0 1
254348.820342908 4070691.63499513 0 1
254348.820342908 4070691.63499513 0 1
254348.820342908 4070691.63499513 0 1
254348.820342908 4070691.63499513 0 1
254348.820342908 4070691.63499513 0 1
254348.820342908 4070691.63499513 0 1
254348.820342908 4070691.63499513 0 1
254348.820342908 4070691.63499513 0 1
254348.820342908 4070691.63499513 0 1
254348.820342908 4070691.63499513 0 1
254348.820342908 4070691.63499513 0 1
254348.820342908 4070691.63499513 0 1
254348.820342908 4070691.63499513 0 1
254348.820342908 4070691.63499513 0 1
254348.820342908 4070691.63499513 0 1
254348.820342908 4070691.63499513 0 1
254348.820342908 4070691.63499513 0 1
254348.820342908 4070691.63499513 0 1
254348.820342908 4070691.63499513 0 1
254348.820342908 4070691.63499513 0 1
254348.820342908 4070691.63499513 0 1
254348.820342908 4070691.63499513 0 1
254348.820342908 4070691.63499513 0 1
254348.820342908 4070691.63499513 0 1
254348.820342908 4070691.63499513 0 1
254348.820342908 4070691.63499513 0 1
254348.820342908 4070691.63499513 0 1
254348.820342908 4070691.63499513 0 1
254348.820342908 4070691.63499513 0 1
254348.820342908 4070691.63499513 0 1
254348.820342908 4070691.63499513 0 1
254348.820342908 4070691.63499513 0 1
254348.820342908 4070691.63499513 0 1
254348.820342908 4070691.63499513 0 1
254348.820342908 4070691.63499513 0 1
254348.820342908 4070691.63499513 0 1
254348.820342908 4070691.63499513 0 1
254348.820342908 4070691.63499513 0 1
254348.820342908 4070691.63499513 0 1
254348.820342908 4070691.63499513 0 1
254348.820342908 4070691.63499513 0 1
254348.820342908 4070691.63499513 0 1
254348.820342908 4070691.63499513 0 1
254348.820342908 4070691.63499513 0 1
254348.820342908 4070691.63499513 0 1
254348.820342908 4070691.63499513 0 1
254348.820342908 4070691.63499513 0 1
254348.820342908 4070691.63499513 0 1
254348.820342908 4070691.63499513 0 1
254348.820342908 4070691.63499513 0 1
254348.820342908 4070691.63499513 0 1
254348.820342908 4070691.63499513 0 1
254348.820342908 4070691.63499513 0 1
254348.820342908 4070691.63499513 0 1
254348.820342908 4070691.63499513 0 1
254348.820342908 4070691.63499513 0 1
254348.820342908 4070691.63499513 0 1
254348.820342908 4070691.63499513 0 1
254348.820342908 4070691.63499513 0 1
254348.820342908 4070691.63499513 0 1
254348.820342908 4070691.63499513 0 1
254348.820342908 4070691.63499513 0 1
254348.820342908 4070691.63499513 0 1
254348.820342908 4070691.63499513 0 1
254348.820342908 4070691.63499513 0 1
254348.820342908 4070691.63499513 0 1
254348.820342908 4070691.63499513 0 1
254348.820342908 4070691.63499513 0 1
254348.820342908 4070691.63499513 0 1
254348.820342908 4070691.63499513 0 1
254348.820342908 4070691.63499513 0 1
254348.820342908 4070691.63499513 0 1
254348.820342908 4070691.63499513 0 1
254348.820342908 4070691.63499513 0 1
254348.820342908 4070691.63499513 0 1
254348.820342908 4070691.63499513 0 1
254348.820342908 4070691.63499513 0 1
254348.820342908 4070691.63499513 0 1
254348.820342908 4070691.63499513 0 1
254348.820342908 4070691.63499513 0 1
254348.820342908 4070691.63499513 0 1
254348.820342908 4070691.63499513 0 1
254348.820342908 4070691.63499513 0 1
254348.820342908 4070691.63499513 0 1
254348.820342908 4070691.63499513 0 1
254348.820342908 4070691.63499513 0 1
254348.820342908 4070691.63499513 0 1
254348.820342908 4070691.63499513 0 1
254348.820342908 4070691.63499513 0 1
254348.820342908 4070691.63499513 0 1
254348.820342908 4070691.63499513 0 1
254348.820342908 4070691.63499513 0 1
254348.820342908 4070691.63499513 0 1
254348.820342908 4070691.63499513 0 1
254348.820342908 4070691.63499513 0 1
254348.820342908 4070691.63499513 0 1
254348.820342908 4070691.63499513 0 1
254348.820342908 4070691.63499513 0 1
254348.820342908 4070691.63499513 0 1
254348.820342908 4070691.63499513 0 1
254348.820342908 4070691.63499513 0 1
254348.820342908 4070691.63499513 0 1
254348.820342908 4070691.63499513 0 1
254348.820342908 4070691.63499513 0 1
254348.820342908 4070691.63499513 0 1
254348.820342908 4070691.63499513 0 1
254348.820342908 4070691.63499513 0 1
254348.820342908 4070691.63499513 0 1
254348.820342908 4070691.63499513 0 1
254348.820342908 4070691.63499513 0 1
254348.820342908 4070691.63499513 0 1
254348.820342908 4070691.63499513 0 1
254348.820342908 4070691.63499513 0 1
254348.820342908 4070691.63499513 0 1
254348.820342908 4070691.63499513 0 1
254348.820342908 4070691.63499513 0 1
254348.820342908 4070691.63499513 0 1
254348.820342908 4070691.63499513 0 1
254348.820342908 4070691.63499513 0 1
254348.820342908 4070691.63499513 0 1
254348.820342908 4070691.63499513 0 1
254348.820342908 4070691.63499513 0 1
254348.820342908 4070691.63499513 0 1
254348.820342908 4070691.63499513 0 1
254348.820342908 4070691.63499513 0 1
254348.820342908 4070691.63499513 0 1
254348.820342908 4070691.63499513 0 1
254348.820342908 4070691.63499513 0 1
254348.820342908 4070691.63499513 0 1
254348.820342908 4070691.63499513 0 1
254348.820342908 4070691.63499513 0 1
254348.820342908 4070691.63499513 0 1
254348.820342908 4070691.63499513 0 1
254348.820342908 4070691.63499513 0 1
254348.820342908 4070691.63499513 0 1
254348.820342908 4070691.63499513 0 1
254348.820342908 4070691.63499513 0 1
254348.820342908 4070691.63499513 0 1
254348.820342908 4070691.63499513 0 1
254348.820342908 4070691.63499513 0 1
254348.820342908 4070691.63499513 0 1
254348.820342908 4070691.63499513 0 1
254348.820342908 4070691.63499513 0 1
254348.820342908 4070691.63499513 0 1
254348.820342908 4070691.63499513 0 1
254348.820342908 4070691.63499513 0 1
254348.820342908 4070691.63499513 0 1
254348.820342908 4070691.63499513 0 1
254348.820342908 4070691.63499513 0 1
254348.820342908 4070691.63499513 0 1
254348.820342908 4070691.63499513 0 1
254348.820342908 4070691.63499513 0 1
254348.820342908 4070691.63499513 0 1
254348.820342908 4070691.63499513 0 1
254348.820342908 4070691.63499513 0 1
254348.820342908 4070691.63499513 0 1
254348.820342908 4070691.63499513 0 1
254348.820342908 4070691.63499513 0 1
254348.820342908 4070691.63499513 0 1
254348.820342908 4070691.63499513 0 1
254348.820342908 4070691.63499513 0 1
254348.820342908 4070691.63499513 0 1
254348.820342908 4070691.63499513 0 1
254348.820342908 4070691.63499513 0 1
254348.820342908 4070691.63499513 0 1
254348.820342908 4070691.63499513 0 1
254348.820342908 4070691.63499513 0 1
254348.820342908 4070691.63499513 0 1
254348.820342908 4070691.63499513 0 1
254348.820342908 4070691.63499513 0 1
254348.820342908 4070691.63499513 0 1
254348.820342908 4070691.63499513 0 1
254348.820342908 4070691.63499513 0 1
254348.820342908 4070691.63499513 0 1
254348.820342908 4070691.63499513 0 1
254348.820342908 4070691.63499513 0 1
254348.820342908 4070691.63499513 0 1
254348.820342908 4070691.63499513 0 1
254348.820342908 4070691.63499513 0 1
254348.820342908 4070691.63499513 0 1
254348.820342908 4070691.63499513 0 1
254348.820342908 4070691.63499513 0 1
254348.820342908 4070691.63499513 0 1
254348.820342908 4070691.63499513 0 1
254348.820342908 4070691.63499513 0 1
254348.820342908 4070691.63499513 0 1
254348.820342908 4070691.63499513 0 1
254348.820342908 4070691.63499513 0 1
254348.820342908 4070691.63499513 0 1
254348.820342908 4070691.63499513 0 1
254348.820342908 4070691.63499513 0 1
254348.820342908 4070691.63499513 0 1
254348.820342908 4070691.63499513 0 1
254348.820342908 4070691.63499513 0 1
254348.820342908 4070691.63499513 0 1
254348.820342908 4070691.63499513 0 1
254348.820342908 4070691.63499513 0 1
254348.820342908 4070691.63499513 0 1
254348.820342908 4070691.63499513 0 1
254348.820342908 4070691.63499513 0 1
254348.820342908 4070691.63499513 0 1
254348.820342908 4070691.63499513 0 1
254348.820342908 4070691.63499513 0 1
254348.820342908 4070691.63499513 0 1
254348.820342908 4070691.63499513 0 1
254348.820342908 4070691.63499513 0 1
254348.820342908 4070691.63499513 0 1
254348.820342908 4070691.63499513 0 1
254348.820342908 4070691.63499513 0 1
254348.820342908 4070691.63499513 0 1
254348.820342908 4070691.63499513 0 1
254348.820342908 4070691.63499513 0 1
254348.820342908 4070691.63499513 0 1
254348.820342908 4070691.63499513 0 1
254348.820342908 4070691.63499513 0 1
254348.820342908 4070691.63499513 0 1
254348.820342908 4070691.63499513 0 1
254348.820342908 4070691.63499513 0 1
254348.820342908 4070691.63499513 0 1
254348.820342908 4070691.63499513 0 1
254348.820342908 4070691.63499513 0 1
254348.820342908 4070691.63499513 0 1
254348.820342908 4070691.63499513 0 1
254348.820342908 4070691.63499513 0 1
254348.820342908 4070691.63499513 0 1
254348.820342908 4070691.63499513 0 1
254348.820342908 4070691.63499513 0 1
254348.820342908 4070691.63499513 0 1
254348.820342908 4070691.63499513 0 1
254348.820342908 4070691.63499513 0 1
254348.820342908 4070691.63499513 0 1
254348.820342908 4070691.63499513 0 1
254348.820342908 4070691.63499513 0 1
254348.820342908 4070691.63499513 0 1
254348.820342908 4070691.63499513 0 1
254348.820342908 4070691.63499513 0 1
254348.820342908 4070691.63499513 0 1
254348.820342908 4070691.63499513 0 1
254348.820342908 4070691.63499513 0 1
254348.820342908 4070691.63499513 0 1
254348.820342908 4070691.63499513 0 1
254348.820342908 4070691.63499513 0 1
254348.820342908 4070691.63499513 0 1
254348.820342908 4070691.63499513 0 1
254348.820342908 4070691.63499513 0 1
254348.820342908 4070691.63499513 0 1
254348.820342908 4070691.63499513 0 1
254348.820342908 4070691.63499513 0 1
254348.820342908 4070691.63499513 0 1
254348.820342908 4070691.63499513 0 1
254348.820342908 4070691.63499513 0 1
254348.820342908 4070691.63499513 0 1
254348.820342908 4070691.63499513 0 1
254348.820342908 4070691.63499513 0 1
254348.820342908 4070691.63499513 0 1
254348.820342908 4070691.63499513 0 1
254348.820342908 4070691.63499513 0 1
254348.820342908 4070691.63499513 0 1
254348.820342908 4070691.63499513 0 1
254348.820342908 4070691.63499513 0 1
254348.820342908 4070691.63499513 0 1
254348.820342908 4070691.63499513 0 1
254348.820342908 4070691.63499513 0 1
254348.820342908 4070691.63499513 0 1
254348.820342908 4070691.63499513 0 1
254348.820342908 4070691.63499513 0 1
254348.820342908 4070691.63499513 0 1
254348.820342908 4070691.63499513 0 1
254348.820342908 4070691.63499513 0 1
254348.820342908 4070691.63499513 0 1
254348.820342908 4070691.63499513 0 1
254348.820342908 4070691.63499513 0 1
254348.820342908 4070691.63499513 0 1
254348.820342908 4070691.63499513 0 1
254348.820342908 4070691.63499513 0 1
254348.820342908 4070691.63499513 0 1
254348.820342908 4070691.63499513 0 1
254348.820342908 4070691.63499513 0 1
254348.820342908 4070691.63499513 0 1
254348.820342908 4070691.63499513 0 1
254348.820342908 4070691.63499513 0 1
254348.820342908 4070691.63499513 0 1
254348.820342908 4070691.63499513 0 1
254348.820342908 4070691.63499513 0 1
254348.820342908 4070691.63499513 0 1
254348.820342908 4070691.63499513 0 1
254348.820342908 4070691.63499513 0 1
254348.820342908 4070691.63499513 0 1
254348.820342908 4070691.63499513 0 1
254348.820342908 4070691.63499513 0 1
254348.820342908 4070691.63499513 0 1
254348.820342908 4070691.63499513 0 1
254348.820342908 4070691.63499513 0 1
254348.820342908 4070691.63499513 0 1
254348.820342908 4070691.63499513 0 1
254348.820342908 4070691.63499513 0 1
254348.820342908 4070691.63499513 0 1
254348.820342908 4070691.63499513 0 1
254348.820342908 4070691.63499513 0 1
254348.820342908 4070691.63499513 0 1
254348.820342908 4070691.63499513 0 1
254348.820342908 4070691.63499513 0 1
254348.820342908 4070691.63499513 0 1
254348.820342908 4070691.63499513 0 1
254348.820342908 4070691.63499513 0 1
254348.820342908 4070691.63499513 0 1
254348.820342908 4070691.63499513 0 1
254348.820342908 4070691.63499513 0 1
254348.820342908 4070691.63499513 0 1
254348.820342908 4070691.63499513 0 1
254348.820342908 4070691.63499513 0 1
254348.820342908 4070691.63499513 0 1
254348.820342908 4070691.63499513 0 1
254348.820342908 4070691.63499513 0 1
254348.820342908 4070691.63499513 0 1
254348.820342908 4070691.63499513 0 1
254348.820342908 4070691.63499513 0 1
254348.820342908 4070691.63499513 0 1
254348.820342908 4070691.63499513 0 1
254348.820342908 4070691.63499513 0 1
254348.820342908 4070691.63499513 0 1
254348.820342908 4070691.63499513 0 1
254348.820342908 4070691.63499513 0 1
254348.820342908 4070691.63499513 0 1
254348.820342908 4070691.63499513 0 1
254348.820342908 4070691.63499513 0 1
254348.820342908 4070691.63499513 0 1
254348.820342908 4070691.63499513 0 1
254348.820342908 4070691.63499513 0 1
254348.820342908 4070691.63499513 0 1
254348.820342908 4070691.63499513 0 1
254348.820342908 4070691.63499513 0 1
254348.820342908 4070691.63499513 0 1
254348.820342908 4070691.63499513 0 1
254348.820342908 4070691.63499513 0 1
254348.820342908 4070691.63499513 0 1
254348.820342908 4070691.63499513 0 1
254348.820342908 4070691.63499513 0 1
254348.820342908 4070691.63499513 0 1
254348.820342908 4070691.63499513 0 1
254348.820342908 4070691.63499513 0 1
254348.820342908 4070691.63499513 0 1
254348.820342908 4070691.63499513 0 1
254348.820342908 4070691.63499513 0 1
254348.820342908 4070691.63499513 0 1
254348.820342908 4070691.63499513 0 1
254348.820342908 4070691.63499513 0 1
254348.820342908 4070691.63499513 0 1
254348.820342908 4070691.63499513 0 1
254348.820342908 4070691.63499513 0 1
254348.820342908 4070691.63499513 0 1
254348.820342908 4070691.63499513 0 1
254348.820342908 4070691.63499513 0 1
254348.820342908 4070691.63499513 0 1
254348.820342908 4070691.63499513 0 1
254348.820342908 4070691.63499513 0 1
254348.820342908 4070691.63499513 0 1
254348.820342908 4070691.63499513 0 1
254348.820342908 4070691.63499513 0 1
254348.820342908 4070691.63499513 0 1
254348.820342908 4070691.63499513 0 1
254348.820342908 4070691.63499513 0 1
254348.820342908 4070691.63499513 0 1
254348.820342908 4070691.63499513 0 1
254348.820342908 4070691.63499513 0 1
254348.820342908 4070691.63499513 0 1
254348.820342908 4070691.63499513 0 1
254348.820342908 4070691.63499513 0 1
254348.820342908 4070691.63499513 0 1
254348.820342908 4070691.63499513 0 1
254348.820342908 4070691.63499513 0 1
254348.820342908 4070691.63499513 0 1
254348.820342908 4070691.63499513 0 1
254348.820342908 4070691.63499513 0 1
254348.820342908 4070691.63499513 0 1
254348.820342908 4070691.63499513 0 1
254348.820342908 4070691.63499513 0 1
254348.820342908 4070691.63499513 0 1
254348.820342908 4070691.63499513 0 1
254348.820342908 4070691.63499513 0 1
254348.820342908 4070691.63499513 0 1
254348.820342908 4070691.63499513 0 1
254348.820342908 4070691.63499513 0 1
254348.820342908 4070691.63499513 0 1
254348.820342908 4070691.63499513 0 1
254348.820342908 4070691.63499513 0 1
254348.820342908 4070691.63499513 0 1
254348.820342908 4070691.63499513 0 1
254348.820342908 4070691.63499513 0 1
254348.820342908 4070691.63499513 0 1
254348.820342908 4070691.63499513 0 1
254348.820342908 4070691.63499513 0 1
254348.820342908 4070691.63499513 0 1
254348.820342908 4070691.63499513 0 1
254348.820342908 4070691.63499513 0 1
254348.820342908 4070691.63499513 0 1
254348.820342908 4070691.63499513 0 1
254348.820342908 4070691.63499513 0 1
254348.820342908 4070691.63499513 0 1
254348.820342908 4070691.63499513 0 1
254348.820342908 4070691.63499513 0 1
254348.820342908 4070691.63499513 0 1
254348.820342908 4070691.63499513 0 1
254348.820342908 4070691.63499513 0 1
254348.820342908 4070691.63499513 0 1
254348.820342908 4070691.63499513 0 1
254348.820342908 4070691.63499513 0 1
254348.820342908 4070691.63499513 0 1
254348.820342908 4070691.63499513 0 1
254348.820342908 4070691.63499513 0 1
254348.820342908 4070691.63499513 0 1
254348.820342908 4070691.63499513 0 1
254348.820342908 4070691.63499513 0 1
254348.820342908 4070691.63499513 0 1
254348.820342908 4070691.63499513 0 1
254348.820342908 4070691.63499513 0 1
254348.820342908 4070691.63499513 0 1
254348.820342908 4070691.63499513 0 1
254348.820342908 4070691.63499513 0 1
254348.820342908 4070691.63499513 0 1
254348.820342908 4070691.63499513 0 1
254348.820342908 4070691.63499513 0 1
254348.820342908 4070691.63499513 0 1
254348.820342908 4070691.63499513 0 1
254348.820342908 4070691.63499513 0 1
254348.820342908 4070691.63499513 0 1
254348.820342908 4070691.63499513 0 1
254348.820342908 4070691.63499513 0 1
254348.820342908 4070691.63499513 0 1
254348.820342908 4070691.63499513 0 1
254348.820342908 4070691.63499513 0 1
254348.820342908 4070691.63499513 0 1
254348.820342908 4070691.63499513 0 1
254348.820342908 4070691.63499513 0 1
254348.820342908 4070691.63499513 0 1
254348.820342908 4070691.63499513 0 1
254348.820342908 4070691.63499513 0 1
254348.820342908 4070691.63499513 0 1
254348.820342908 4070691.63499513 0 1
254348.820342908 4070691.63499513 0 1
254348.820342908 4070691.63499513 0 1
254348.820342908 4070691.63499513 0 1
254348.820342908 4070691.63499513 0 1
254348.820342908 4070691.63499513 0 1
254348.820342908 4070691.63499513 0 1
254348.820342908 4070691.63499513 0 1
254348.820342908 4070691.63499513 0 1
254348.820342908 4070691.63499513 0 1
254348.820342908 4070691.63499513 0 1
254348.820342908 4070691.63499513 0 1
254348.820342908 4070691.63499513 0 1
254348.820342908 4070691.63499513 0 1
254348.820342908 4070691.63499513 0 1
254348.820342908 4070691.63499513 0 1
254348.820342908 4070691.63499513 0 1
254348.820342908 4070691.63499513 0 1
254348.820342908 4070691.63499513 0 1
254348.820342908 4070691.63499513 0 1
254348.820342908 4070691.63499513 0 1
254348.820342908 4070691.63499513 0 1
254348.820342908 4070691.63499513 0 1
254348.820342908 4070691.63499513 0 1
254348.820342908 4070691.63499513 0 1
254348.820342908 4070691.63499513 0 1
254348.820342908 4070691.63499513 0 1
254348.820342908 4070691.63499513 0 1
254348.820342908 4070691.63499513 0 1
254348.820342908 4070691.63499513 0 1
254348.820342908 4070691.63499513 0 1
254348.820342908 4070691.63499513 0 1
254348.820342908 4070691.63499513 0 1
254348.820342908 4070691.63499513 0 1
254348.820342908 4070691.63499513 0 1
254348.820342908 4070691.63499513 0 1
254348.820342908 4070691.63499513 0 1
254348.820342908 4070691.63499513 0 1
254348.820342908 4070691.63499513 0 1
254348.820342908 4070691.63499513 0 1
254348.820342908 4070691.63499513 0 1
254348.820342908 4070691.63499513 0 1
254348.820342908 4070691.63499513 0 1
254348.820342908 4070691.63499513 0 1
254348.820342908 4070691.63499513 0 1
254348.820342908 4070691.63499513 0 1
254348.820342908 4070691.63499513 0 1
254348.820342908 4070691.63499513 0 1
254348.820342908 4070691.63499513 0 1
254348.820342908 4070691.63499513 0 1
254348.820342908 4070691.63499513 0 1
254348.820342908 4070691.63499513 0 1
254348.820342908 4070691.63499513 0 1
254348.820342908 4070691.63499513 0 1
254348.820342908 4070691.63499513 0 1
254348.820342908 4070691.63499513 0 1
254348.820342908 4070691.63499513 0 1
254348.820342908 4070691.63499513 0 1
254348.820342908 4070691.63499513 0 1
254348.820342908 4070691.63499513 0 1
254348.820342908 4070691.63499513 0 1
254348.820342908 4070691.63499513 0 1
254348.820342908 4070691.63499513 0 1
254348.820342908 4070691.63499513 0 1
254348.820342908 4070691.63499513 0 1
254348.820342908 4070691.63499513 0 1
254348.820342908 4070691.63499513 0 1
254348.820342908 4070691.63499513 0 1
254348.820342908 4070691.63499513 0 1
254348.820342908 4070691.63499513 0 1
254348.820342908 4070691.63499513 0 1
254348.820342908 4070691.63499513 0 1
254348.820342908 4070691.63499513 0 1
254348.820342908 4070691.63499513 0 1
254348.820342908 4070691.63499513 0 1
254348.820342908 4070691.63499513 0 1
254348.820342908 4070691.63499513 0 1
254348.820342908 4070691.63499513 0 1
254348.820342908 4070691.63499513 0 1
254348.820342908 4070691.63499513 0 1
254348.820342908 4070691.63499513 0 1
254348.820342908 4070691.63499513 0 1
254348.820342908 4070691.63499513 0 1
254348.820342908 4070691.63499513 0 1
254348.820342908 4070691.63499513 0 1
254348.820342908 4070691.63499513 0 1
254348.820342908 4070691.63499513 0 1
254348.820342908 4070691.63499513 0 1
254348.820342908 4070691.63499513 0 1
254348.820342908 4070691.63499513 0 1
254348.820342908 4070691.63499513 0 1
254348.820342908 4070691.63499513 0 1
254348.820342908 4070691.63499513 0 1
254348.820342908 4070691.63499513 0 1
254348.820342908 4070691.63499513 0 1
254348.820342908 4070691.63499513 0 1
254348.820342908 4070691.63499513 0 1
254348.820342908 4070691.63499513 0 1
254348.820342908 4070691.63499513 0 1
254348.820342908 4070691.63499513 0 1
254348.820342908 4070691.63499513 0 1
254348.820342908 4070691.63499513 0 1
254348.820342908 4070691.63499513 0 1
254348.820342908 4070691.63499513 0 1
254348.820342908 4070691.63499513 0 1
254348.820342908 4070691.63499513 0 1
254348.820342908 4070691.63499513 0 1
254348.820342908 4070691.63499513 0 1
254348.820342908 4070691.63499513 0 1
254348.820342908 4070691.63499513 0 1
254348.820342908 4070691.63499513 0 1
254348.820342908 4070691.63499513 0 1
254348.820342908 4070691.63499513 0 1
254348.820342908 4070691.63499513 0 1
254348.820342908 4070691.63499513 0 1
254348.820342908 4070691.63499513 0 1
254348.820342908 4070691.63499513 0 1
254348.820342908 4070691.63499513 0 1
254348.820342908 4070691.63499513 0 1
254348.820342908 4070691.63499513 0 1
254348.820342908 4070691.63499513 0 1
254348.820342908 4070691.63499513 0 1
254348.820342908 4070691.63499513 0 1
254348.820342908 4070691.63499513 0 1
254348.820342908 4070691.63499513 0 1
254348.820342908 4070691.63499513 0 1
254348.820342908 4070691.63499513 0 1
254348.820342908 4070691.63499513 0 1
254348.820342908 4070691.63499513 0 1
254348.820342908 4070691.63499513 0 1
254348.820342908 4070691.63499513 0 1
254348.820342908 4070691.63499513 0 1
254348.820342908 4070691.63499513 0 1
254348.820342908 4070691.63499513 0 1
254348.820342908 4070691.63499513 0 1
254348.820342908 4070691.63499513 0 1
254348.820342908 4070691.63499513 0 1
254348.820342908 4070691.63499513 0 1
254348.820342908 4070691.63499513 0 1
254348.820342908 4070691.63499513 0 1
254348.820342908 4070691.63499513 0 1
254348.820342908 4070691.63499513 0 1
254348.820342908 4070691.63499513 0 1
254348.820342908 4070691.63499513 0 1
254348.820342908 4070691.63499513 0 1
254348.820342908 4070691.63499513 0 1
254348.820342908 4070691.63499513 0 1
254348.820342908 4070691.63499513 0 1
254348.820342908 4070691.63499513 0 1
254348.820342908 4070691.63499513 0 1
254348.820342908 4070691.63499513 0 1
254348.820342908 4070691.63499513 0 1
254348.820342908 4070691.63499513 0 1
254348.820342908 4070691.63499513 0 1
254348.820342908 4070691.63499513 0 1
254348.820342908 4070691.63499513 0 1
254348.820342908 4070691.63499513 0 1
254348.820342908 4070691.63499513 0 1
254348.820342908 4070691.63499513 0 1
254348.820342908 4070691.63499513 0 1
254348.820342908 4070691.63499513 0 1
254348.820342908 4070691.63499513 0 1
254348.820342908 4070691.63499513 0 1
254348.820342908 4070691.63499513 0 1
254348.820342908 4070691.63499513 0 1
254348.820342908 4070691.63499513 0 1
254348.820342908 4070691.63499513 0 1
254348.820342908 4070691.63499513 0 1
254348.820342908 4070691.63499513 0 1
254348.820342908 4070691.63499513 0 1
254348.820342908 4070691.63499513 0 1
254348.820342908 4070691.63499513 0 1
254348.820342908 4070691.63499513 0 1
254348.820342908 4070691.63499513 0 1
254348.820342908 4070691.63499513 0 1
254348.820342908 4070691.63499513 0 1
254348.820342908 4070691.63499513 0 1
254348.820342908 4070691.63499513 0 1
254348.820342908 4070691.63499513 0 1
254348.820342908 4070691.63499513 0 1
254348.820342908 4070691.63499513 0 1
254348.820342908 4070691.63499513 0 1
254348.820342908 4070691.63499513 0 1
254348.820342908 4070691.63499513 0 1
254348.820342908 4070691.63499513 0 1
254348.820342908 4070691.63499513 0 1
254348.820342908 4070691.63499513 0 1
254348.820342908 4070691.63499513 0 1
254348.820342908 4070691.63499513 0 1
254348.820342908 4070691.63499513 0 1
254348.820342908 4070691.63499513 0 1
254348.820342908 4070691.63499513 0 1
254348.820342908 4070691.63499513 0 1
254348.820342908 4070691.63499513 0 1
254348.820342908 4070691.63499513 0 1
254348.820342908 4070691.63499513 0 1
254348.820342908 4070691.63499513 0 1
254348.820342908 4070691.63499513 0 1
254348.820342908 4070691.63499513 0 1
254348.820342908 4070691.63499513 0 1
254348.820342908 4070691.63499513 0 1
254348.820342908 4070691.63499513 0 1
254348.820342908 4070691.63499513 0 1
254348.820342908 4070691.63499513 0 1
254348.820342908 4070691.63499513 0 1
254348.820342908 4070691.63499513 0 1
254348.820342908 4070691.63499513 0 1
254348.820342908 4070691.63499513 0 1
254348.820342908 4070691.63499513 0 1
254348.820342908 4070691.63499513 0 1
254348.820342908 4070691.63499513 0 1
254348.820342908 4070691.63499513 0 1
254348.820342908 4070691.63499513 0 1
254348.820342908 4070691.63499513 0 1
254348.820342908 4070691.63499513 0 1
254348.820342908 4070691.63499513 0 1
254348.820342908 4070691.63499513 0 1
254348.820342908 4070691.63499513 0 1
254348.820342908 4070691.63499513 0 1
254348.820342908 4070691.63499513 0 1
254348.820342908 4070691.63499513 0 1
254348.820342908 4070691.63499513 0 1
254348.820342908 4070691.63499513 0 1
254348.820342908 4070691.63499513 0 1
254348.820342908 4070691.63499513 0 1
254348.820342908 4070691.63499513 0 1
254348.820342908 4070691.63499513 0 1
254348.820342908 4070691.63499513 0 1
254348.820342908 4070691.63499513 0 1
254348.820342908 4070691.63499513 0 1
254348.820342908 4070691.63499513 0 1
254348.820342908 4070691.63499513 0 1
254348.820342908 4070691.63499513 0 1
254348.820342908 4070691.63499513 0 1
254348.820342908 4070691.63499513 0 1
254348.820342908 4070691.63499513 0 1
254348.820342908 4070691.63499513 0 1
254348.820342908 4070691.63499513 0 1
254348.820342908 4070691.63499513 0 1
254348.820342908 4070691.63499513 0 1
254348.820342908 4070691.63499513 0 1
254348.820342908 4070691.63499513 0 1
254348.820342908 4070691.63499513 0 1
254348.820342908 4070691.63499513 0 1
254348.820342908 4070691.63499513 0 1
254348.820342908 4070691.63499513 0 1
254348.820342908 4070691.63499513 0 1
254348.820342908 4070691.63499513 0 1
254348.820342908 4070691.63499513 0 1
254348.820342908 4070691.63499513 0 1
254348.820342908 4070691.63499513 0 1
254348.820342908 4070691.63499513 0 1
254348.820342908 4070691.63499513 0 1
254348.820342908 4070691.63499513 0 1
254348.820342908 4070691.63499513 0 1
254348.820342908 4070691.63499513 0 1
254348.820342908 4070691.63499513 0 1
254348.820342908 4070691.63499513 0 1
254348.820342908 4070691.63499513 0 1
254348.820342908 4070691.63499513 0 1
254348.820342908 4070691.63499513 0 1
254348.820342908 4070691.63499513 0 1
254348.820342908 4070691.63499513 0 1
254348.820342908 4070691.63499513 0 1
254348.820342908 4070691.63499513 0 1
254348.820342908 4070691.63499513 0 1
254348.820342908 4070691.63499513 0 1
254348.820342908 4070691.63499513 0 1
254348.820342908 4070691.63499513 0 1
254348.820342908 4070691.63499513 0 1
254348.820342908 4070691.63499513 0 1
254348.820342908 4070691.63499513 0 1
254348.820342908 4070691.63499513 0 1
254348.820342908 4070691.63499513 0 1
254348.820342908 4070691.63499513 0 1
254348.820342908 4070691.63499513 0 1
254348.820342908 4070691.63499513 0 1
254348.820342908 4070691.63499513 0 1
254348.820342908 4070691.63499513 0 1
254348.820342908 4070691.63499513 0 1
254348.820342908 4070691.63499513 0 1
254348.820342908 4070691.63499513 0 1
254348.820342908 4070691.63499513 0 1
254348.820342908 4070691.63499513 0 1
254348.820342908 4070691.63499513 0 1
254348.820342908 4070691.63499513 0 1
254348.820342908 4070691.63499513 0 1
254348.820342908 4070691.63499513 0 1
254348.820342908 4070691.63499513 0 1
254348.820342908 4070691.63499513 0 1
254348.820342908 4070691.63499513 0 1
254348.820342908 4070691.63499513 0 1
254348.820342908 4070691.63499513 0 1
254348.820342908 4070691.63499513 0 1
254348.820342908 4070691.63499513 0 1
254348.820342908 4070691.63499513 0 1
254348.820342908 4070691.63499513 0 1
254348.820342908 4070691.63499513 0 1
254348.820342908 4070691.63499513 0 1
254348.820342908 4070691.63499513 0 1
254348.820342908 4070691.63499513 0 1
254348.820342908 4070691.63499513 0 1
254348.820342908 4070691.63499513 0 1
254348.820342908 4070691.63499513 0 1
254348.820342908 4070691.63499513 0 1
254348.820342908 4070691.63499513 0 1
254348.820342908 4070691.63499513 0 1
254348.820342908 4070691.63499513 0 1
254348.820342908 4070691.63499513 0 1
254348.820342908 4070691.63499513 0 1
254348.820342908 4070691.63499513 0 1
254348.820342908 4070691.63499513 0 1
254348.820342908 4070691.63499513 0 1
254348.820342908 4070691.63499513 0 1
254348.820342908 4070691.63499513 0 1
254348.820342908 4070691.63499513 0 1
254348.820342908 4070691.63499513 0 1
254348.820342908 4070691.63499513 0 1
254348.820342908 4070691.63499513 0 1
254348.820342908 4070691.63499513 0 1
254348.820342908 4070691.63499513 0 1
254348.820342908 4070691.63499513 0 1
254348.820342908 4070691.63499513 0 1
254348.820342908 4070691.63499513 0 1
254348.820342908 4070691.63499513 0 1
254348.820342908 4070691.63499513 0 1
254348.820342908 4070691.63499513 0 1
254348.820342908 4070691.63499513 0 1
254348.820342908 4070691.63499513 0 1
254348.820342908 4070691.63499513 0 1
254348.820342908 4070691.63499513 0 1
254348.820342908 4070691.63499513 0 1
254348.820342908 4070691.63499513 0 1
254348.820342908 4070691.63499513 0 1
254348.820342908 4070691.63499513 0 1
254348.820342908 4070691.63499513 0 1
254348.820342908 4070691.63499513 0 1
254348.820342908 4070691.63499513 0 1
254348.820342908 4070691.63499513 0 1
254348.820342908 4070691.63499513 0 1
254348.820342908 4070691.63499513 0 1
254348.820342908 4070691.63499513 0 1
254348.820342908 4070691.63499513 0 1
254348.820342908 4070691.63499513 0 1
254348.820342908 4070691.63499513 0 1
254348.820342908 4070691.63499513 0 1
254348.820342908 4070691.63499513 0 1
254348.820342908 4070691.63499513 0 1
254348.820342908 4070691.63499513 0 1
254348.820342908 4070691.63499513 0 1
254348.820342908 4070691.63499513 0 1
254348.820342908 4070691.63499513 0 1
254348.820342908 4070691.63499513 0 1
254348.820342908 4070691.63499513 0 1
254348.820342908 4070691.63499513 0 1
254348.820342908 4070691.63499513 0 1
254348.820342908 4070691.63499513 0 1
254348.820342908 4070691.63499513 0 1
254348.820342908 4070691.63499513 0 1
254348.820342908 4070691.63499513 0 1
254348.820342908 4070691.63499513 0 1
254348.820342908 4070691.63499513 0 1
254348.820342908 4070691.63499513 0 1
254348.820342908 4070691.63499513 0 1
254348.820342908 4070691.63499513 0 1
254348.820342908 4070691.63499513 0 1
254348.820342908 4070691.63499513 0 1
254348.820342908 4070691.63499513 0 1
254348.820342908 4070691.63499513 0 1
254348.820342908 4070691.63499513 0 1
254348.820342908 4070691.63499513 0 1
254348.820342908 4070691.63499513 0 1
254348.820342908 4070691.63499513 0 1
254348.820342908 4070691.63499513 0 1
254348.820342908 4070691.63499513 0 1
254348.820342908 4070691.63499513 0 1
254348.820342908 4070691.63499513 0 1
254348.820342908 4070691.63499513 0 1
254348.820342908 4070691.63499513 0 1
254348.820342908 4070691.63499513 0 1
254348.820342908 4070691.63499513 0 1
254348.820342908 4070691.63499513 0 1
254348.820342908 4070691.63499513 0 1
254348.820342908 4070691.63499513 0 1
254348.820342908 4070691.63499513 0 1
254348.820342908 4070691.63499513 0 1
254348.820342908 4070691.63499513 0 1
254348.820342908 4070691.63499513 0 1
254348.820342908 4070691.63499513 0 1
254348.820342908 4070691.63499513 0 1
254348.820342908 4070691.63499513 0 1
254348.820342908 4070691.63499513 0 1
254348.820342908 4070691.63499513 0 1
254348.820342908 4070691.63499513 0 1
254348.820342908 4070691.63499513 0 1
254348.820342908 4070691.63499513 0 1
254348.820342908 4070691.63499513 0 1
254348.820342908 4070691.63499513 0 1
254348.820342908 4070691.63499513 0 1
254348.820342908 4070691.63499513 0 1
254348.820342908 4070691.63499513 0 1
254348.820342908 4070691.63499513 0 1
254348.820342908 4070691.63499513 0 1
254348.820342908 4070691.63499513 0 1
254348.820342908 4070691.63499513 0 1
254348.820342908 4070691.63499513 0 1
254348.820342908 4070691.63499513 0 1
254348.820342908 4070691.63499513 0 1
254348.820342908 4070691.63499513 0 1
254348.820342908 4070691.63499513 0 1
254348.820342908 4070691.63499513 0 1
254348.820342908 4070691.63499513 0 1
254348.820342908 4070691.63499513 0 1
254348.820342908 4070691.63499513 0 1
254348.820342908 4070691.63499513 0 1
254348.820342908 4070691.63499513 0 1
254348.820342908 4070691.63499513 0 1
254348.820342908 4070691.63499513 0 1
254348.820342908 4070691.63499513 0 1
254348.820342908 4070691.63499513 0 1
254348.820342908 4070691.63499513 0 1
254348.820342908 4070691.63499513 0 1
254348.820342908 4070691.63499513 0 1
254348.820342908 4070691.63499513 0 1
254348.820342908 4070691.63499513 0 1
254348.820342908 4070691.63499513 0 1
254348.820342908 4070691.63499513 0 1
254348.820342908 4070691.63499513 0 1
254348.820342908 4070691.63499513 0 1
254348.820342908 4070691.63499513 0 1
254348.820342908 4070691.63499513 0 1
254348.820342908 4070691.63499513 0 1
254348.820342908 4070691.63499513 0 1
254348.820342908 4070691.63499513 0 1
254348.820342908 4070691.63499513 0 1
254348.820342908 4070691.63499513 0 1
254348.820342908 4070691.63499513 0 1
254348.820342908 4070691.63499513 0 1
254348.820342908 4070691.63499513 0 1
254348.820342908 4070691.63499513 0 1
254348.820342908 4070691.63499513 0 1
254348.820342908 4070691.63499513 0 1
254348.820342908 4070691.63499513 0 1
254348.820342908 4070691.63499513 0 1
254348.820342908 4070691.63499513 0 1
254348.820342908 4070691.63499513 0 1
254348.820342908 4070691.63499513 0 1
254348.820342908 4070691.63499513 0 1
254348.820342908 4070691.63499513 0 1
254348.820342908 4070691.63499513 0 1
254348.820342908 4070691.63499513 0 1
254348.820342908 4070691.63499513 0 1
254348.820342908 4070691.63499513 0 1
254348.820342908 4070691.63499513 0 1
254348.820342908 4070691.63499513 0 1
254348.820342908 4070691.63499513 0 1
254348.820342908 4070691.63499513 0 1
254348.820342908 4070691.63499513 0 1
254348.820342908 4070691.63499513 0 1
254348.820342908 4070691.63499513 0 1
254348.820342908 4070691.63499513 0 1
254348.820342908 4070691.63499513 0 1
254348.820342908 4070691.63499513 0 1
254348.820342908 4070691.63499513 0 1
254348.820342908 4070691.63499513 0 1
254348.820342908 4070691.63499513 0 1
254348.820342908 4070691.63499513 0 1
254348.820342908 4070691.63499513 0 1
254348.820342908 4070691.63499513 0 1
254348.820342908 4070691.63499513 0 1
254348.820342908 4070691.63499513 0 1
254348.820342908 4070691.63499513 0 1
254348.820342908 4070691.63499513 0 1
254348.820342908 4070691.63499513 0 1
254348.820342908 4070691.63499513 0 1
254348.820342908 4070691.63499513 0 1
254348.820342908 4070691.63499513 0 1
254348.820342908 4070691.63499513 0 1
254348.820342908 4070691.63499513 0 1
254348.820342908 4070691.63499513 0 1
254348.820342908 4070691.63499513 0 1
254348.820342908 4070691.63499513 0 1
254348.820342908 4070691.63499513 0 1
254348.820342908 4070691.63499513 0 1
254348.820342908 4070691.63499513 0 1
254348.820342908 4070691.63499513 0 1
254348.820342908 4070691.63499513 0 1
254348.820342908 4070691.63499513 0 1
254348.820342908 4070691.63499513 0 1
254348.820342908 4070691.63499513 0 1
254348.820342908 4070691.63499513 0 1
254348.820342908 4070691.63499513 0 1
254348.820342908 4070691.63499513 0 1
254348.820342908 4070691.63499513 0 1
254348.820342908 4070691.63499513 0 1
254348.820342908 4070691.63499513 0 1
254348.820342908 4070691.63499513 0 1
254348.820342908 4070691.63499513 0 1
254348.820342908 4070691.63499513 0 1
254348.820342908 4070691.63499513 0 1
254348.820342908 4070691.63499513 0 1
254348.820342908 4070691.63499513 0 1
254348.820342908 4070691.63499513 0 1
254348.820342908 4070691.63499513 0 1
254348.820342908 4070691.63499513 0 1
254348.820342908 4070691.63499513 0 1
254348.820342908 4070691.63499513 0 1
254348.820342908 4070691.63499513 0 1
254348.820342908 4070691.63499513 0 1
254348.820342908 4070691.63499513 0 1
254348.820342908 4070691.63499513 0 1
254348.820342908 4070691.63499513 0 1
254348.820342908 4070691.63499513 0 1
254348.820342908 4070691.63499513 0 1
254348.820342908 4070691.63499513 0 1
254348.820342908 4070691.63499513 0 1
254348.820342908 4070691.63499513 0 1
254348.820342908 4070691.63499513 0 1
254348.820342908 4070691.63499513 0 1
254348.820342908 4070691.63499513 0 1
254348.820342908 4070691.63499513 0 1
254348.820342908 4070691.63499513 0 1
254348.820342908 4070691.63499513 0 1
254348.820342908 4070691.63499513 0 1
254348.820342908 4070691.63499513 0 1
254348.820342908 4070691.63499513 0 1
254348.820342908 4070691.63499513 0 1
254348.820342908 4070691.63499513 0 1
254348.820342908 4070691.63499513 0 1
254348.820342908 4070691.63499513 0 1
254348.820342908 4070691.63499513 0 1
254348.820342908 4070691.63499513 0 1
254348.820342908 4070691.63499513 0 1
254348.820342908 4070691.63499513 0 1
254348.820342908 4070691.63499513 0 1
254348.820342908 4070691.63499513 0 1
254348.820342908 4070691.63499513 0 1
254348.820342908 4070691.63499513 0 1
254348.820342908 4070691.63499513 0 1
254348.820342908 4070691.63499513 0 1
254348.820342908 4070691.63499513 0 1
254348.820342908 4070691.63499513 0 1
254348.820342908 4070691.63499513 0 1
254348.820342908 4070691.63499513 0 1
254348.820342908 4070691.63499513 0 1
254348.820342908 4070691.63499513 0 1
254348.820342908 4070691.63499513 0 1
254348.820342908 4070691.63499513 0 1
254348.820342908 4070691.63499513 0 1
254348.820342908 4070691.63499513 0 1
254348.820342908 4070691.63499513 0 1
254348.820342908 4070691.63499513 0 1
254348.820342908 4070691.63499513 0 1
254348.820342908 4070691.63499513 0 1
254348.820342908 4070691.63499513 0 1
254348.820342908 4070691.63499513 0 1
254348.820342908 4070691.63499513 0 1
254348.820342908 4070691.63499513 0 1
254348.820342908 4070691.63499513 0 1
254348.820342908 4070691.63499513 0 1
254348.820342908 4070691.63499513 0 1
254348.820342908 4070691.63499513 0 1
254348.820342908 4070691.63499513 0 1
254348.820342908 4070691.63499513 0 1
254348.820342908 4070691.63499513 0 1
254348.820342908 4070691.63499513 0 1
254348.820342908 4070691.63499513 0 1
254348.820342908 4070691.63499513 0 1
254348.820342908 4070691.63499513 0 1
254348.820342908 4070691.63499513 0 1
254348.820342908 4070691.63499513 0 1
254348.820342908 4070691.63499513 0 1
254348.820342908 4070691.63499513 0 1
254348.820342908 4070691.63499513 0 1
254348.820342908 4070691.63499513 0 1
254348.820342908 4070691.63499513 0 1
254348.820342908 4070691.63499513 0 1
254348.820342908 4070691.63499513 0 1
254348.820342908 4070691.63499513 0 1
254348.820342908 4070691.63499513 0 1
254348.820342908 4070691.63499513 0 1
254348.820342908 4070691.63499513 0 1
254348.820342908 4070691.63499513 0 1
254348.820342908 4070691.63499513 0 1
254348.820342908 4070691.63499513 0 1
254348.820342908 4070691.63499513 0 1
254348.820342908 4070691.63499513 0 1
254348.820342908 4070691.63499513 0 1
254348.820342908 4070691.63499513 0 1
254348.820342908 4070691.63499513 0 1
254348.820342908 4070691.63499513 0 1
254348.820342908 4070691.63499513 0 1
254348.820342908 4070691.63499513 0 1
254348.820342908 4070691.63499513 0 1
254348.820342908 4070691.63499513 0 1
254348.820342908 4070691.63499513 0 1
254348.820342908 4070691.63499513 0 1
254348.820342908 4070691.63499513 0 1
254348.820342908 4070691.63499513 0 1
254348.820342908 4070691.63499513 0 1
254348.820342908 4070691.63499513 0 1
254348.820342908 4070691.63499513 0 1
254348.820342908 4070691.63499513 0 1
254348.820342908 4070691.63499513 0 1
254348.820342908 4070691.63499513 0 1
254348.820342908 4070691.63499513 0 1
254348.820342908 4070691.63499513 0 1
254348.820342908 4070691.63499513 0 1
254348.820342908 4070691.63499513 0 1
254348.820342908 4070691.63499513 0 1
254348.820342908 4070691.63499513 0 1
254348.820342908 4070691.63499513 0 1
254348.820342908 4070691.63499513 0 1
254348.820342908 4070691.63499513 0 1
254348.820342908 4070691.63499513 0 1
254348.820342908 4070691.63499513 0 1
254348.820342908 4070691.63499513 0 1
254348.820342908 4070691.63499513 0 1
254348.820342908 4070691.63499513 0 1
254348.820342908 4070691.63499513 0 1
254348.820342908 4070691.63499513 0 1
254348.820342908 4070691.63499513 0 1
254348.820342908 4070691.63499513 0 1
254348.820342908 4070691.63499513 0 1
254348.820342908 4070691.63499513 0 1
254348.820342908 4070691.63499513 0 1
254348.820342908 4070691.63499513 0 1
254348.820342908 4070691.63499513 0 1
254348.820342908 4070691.63499513 0 1
254348.820342908 4070691.63499513 0 1
254348.820342908 4070691.63499513 0 1
254348.820342908 4070691.63499513 0 1
254348.820342908 4070691.63499513 0 1
254348.820342908 4070691.63499513 0 1
254348.820342908 4070691.63499513 0 1
254348.820342908 4070691.63499513 0 1
254348.820342908 4070691.63499513 0 1
254348.820342908 4070691.63499513 0 1
254348.820342908 4070691.63499513 0 1
254348.820342908 4070691.63499513 0 1
254348.820342908 4070691.63499513 0 1
254348.820342908 4070691.63499513 0 1
254348.820342908 4070691.63499513 0 1
254348.820342908 4070691.63499513 0 1
254348.820342908 4070691.63499513 0 1
254348.820342908 4070691.63499513 0 1
254348.820342908 4070691.63499513 0 1
254348.820342908 4070691.63499513 0 1
254348.820342908 4070691.63499513 0 1
254348.820342908 4070691.63499513 0 1
254348.820342908 4070691.63499513 0 1
254348.820342908 4070691.63499513 0 1
254348.820342908 4070691.63499513 0 1
254348.820342908 4070691.63499513 0 1
254348.820342908 4070691.63499513 0 1
254348.820342908 4070691.63499513 0 1
254348.820342908 4070691.63499513 0 1
254348.820342908 4070691.63499513 0 1
254348.820342908 4070691.63499513 0 1
254348.820342908 4070691.63499513 0 1
254348.820342908 4070691.63499513 0 1
254348.820342908 4070691.63499513 0 1
254348.820342908 4070691.63499513 0 1
254348.820342908 4070691.63499513 0 1
254348.820342908 4070691.63499513 0 1
254348.820342908 4070691.63499513 0 1
254348.820342908 4070691.63499513 0 1
254348.820342908 4070691.63499513 0 1
254348.820342908 4070691.63499513 0 1
254348.820342908 4070691.63499513 0 1
254348.820342908 4070691.63499513 0 1
254348.820342908 4070691.63499513 0 1
254348.820342908 4070691.63499513 0 1
254348.820342908 4070691.63499513 0 1
254348.820342908 4070691.63499513 0 1
254348.820342908 4070691.63499513 0 1
254348.820342908 4070691.63499513 0 1
254348.820342908 4070691.63499513 0 1
254348.820342908 4070691.63499513 0 1
254348.820342908 4070691.63499513 0 1
254348.820342908 4070691.63499513 0 1
254348.820342908 4070691.63499513 0 1
254348.820342908 4070691.63499513 0 1
254348.820342908 4070691.63499513 0 1
254348.820342908 4070691.63499513 0 1
254348.820342908 4070691.63499513 0 1
254348.820342908 4070691.63499513 0 1
254348.820342908 4070691.63499513 0 1
254348.820342908 4070691.63499513 0 1
254348.820342908 4070691.63499513 0 1
254348.820342908 4070691.63499513 0 1
254348.820342908 4070691.63499513 0 1
254348.820342908 4070691.63499513 0 1
254348.820342908 4070691.63499513 0 1
254348.820342908 4070691.63499513 0 1
254348.820342908 4070691.63499513 0 1
254348.820342908 4070691.63499513 0 1
254348.820342908 4070691.63499513 0 1
254348.820342908 4070691.63499513 0 1
254348.820342908 4070691.63499513 0 1
254348.820342908 4070691.63499513 0 1
254348.820342908 4070691.63499513 0 1
254348.820342908 4070691.63499513 0 1
254348.820342908 4070691.63499513 0 1
254348.820342908 4070691.63499513 0 1
254348.820342908 4070691.63499513 0 1
254348.820342908 4070691.63499513 0 1
254348.820342908 4070691.63499513 0 1
254348.820342908 4070691.63499513 0 1
254348.820342908 4070691.63499513 0 1
254348.820342908 4070691.63499513 0 1
254348.820342908 4070691.63499513 0 1
254348.820342908 4070691.63499513 0 1
254348.820342908 4070691.63499513 0 1
254348.820342908 4070691.63499513 0 1
254348.820342908 4070691.63499513 0 1
254348.820342908 4070691.63499513 0 1
254348.820342908 4070691.63499513 0 1
254348.820342908 4070691.63499513 0 1
254348.820342908 4070691.63499513 0 1
254348.820342908 4070691.63499513 0 1
254348.820342908 4070691.63499513 0 1
254348.820342908 4070691.63499513 0 1
254348.820342908 4070691.63499513 0 1
254348.820342908 4070691.63499513 0 1
254348.820342908 4070691.63499513 0 1
254348.820342908 4070691.63499513 0 1
254348.820342908 4070691.63499513 0 1
254348.820342908 4070691.63499513 0 1
254348.820342908 4070691.63499513 0 1
254348.820342908 4070691.63499513 0 1
254348.820342908 4070691.63499513 0 1
254348.820342908 4070691.63499513 0 1
254348.820342908 4070691.63499513 0 1
254348.820342908 4070691.63499513 0 1
254348.820342908 4070691.63499513 0 1