254334 4070635 0 1
254333.626311081 4070634.07259539 0 1
254333.293544723 4070633.24734489 0 1
254332.995846299 4070632.51023118 0 1
254332.727601570 4070631.84775473 0 1
254332.483484571 4070631.24705636 0 1
254332.258495563 4070630.69601581 0 1
254332.047989778 4070630.18332784 0 1
254331.847697684 4070629.69855763 0 1
254331.653737550 4070629.23217727 0 1
254331.462621094 4070628.77558519 0 1
254331.271252975 4070628.32111035 0 1
254331.076924929 4070627.86200305 0 1
254330.877305258 4070627.39241414 0 1
254330.670424432 4070626.90736435 0 1
254330.454657445 4070626.40270534 0 1
254330.228703608 4070625.87507413 0 1
254329.991564347 4070625.32184234 0 1
254329.742519583 4070624.74106143 0 1
254329.481103176 4070624.13140551 0 1
254329.207077909 4070623.49211244 0 1
254328.920410396 4070622.82292455 0 1
254328.621246290 4070622.12402967 0 1
254328.309886075 4070621.39600335 0 1
254327.986761722 4070620.63975282 0 1
254327.652414423 4070619.85646335 0 1
254327.307473564 4070619.04754739 0 1
254326.952637089 4070618.21459687 0 1
254326.588653351 4070617.35933897 0 1
254326.216304510 4070616.48359542 0 1
254325.836391521 4070615.58924560 0 1
254325.449720729 4070614.67819340 0 1
254325.057092041 4070613.75233783 0 1
254324.659288660 4070612.81354737 0 1
254324.257068319 4070611.86363789 0 1
254323.851155954 4070610.90435404 0 1
254323.442237742 4070609.93735398 0 1
254323.030956407 4070608.96419712 0 1
254322.617907719 4070607.98633477 0 1
254322.203638065 4070607.00510353 0 1
254321.788643013 4070606.02172094 0 1
254321.373366752 4070605.03728341 0 1
254320.958202317 4070604.05276610 0 1
254320.543492488 4070603.06902440 0 1
254320.129531276 4070602.08679699 0 1
254319.716565902 4070601.10671004 0 1
254319.304799171 4070600.12928252 0 1
254318.894392173 4070599.15493228 0 1
254318.485467226 4070598.18398284 0 1
254318.078110985 4070597.21667057 0 1
254317.672377663 4070596.25315221 0 1
254317.268292303 4070595.29351262 0 1
254316.865854049 4070594.33777247 0 1
254316.465039359 4070593.38589590 0 1
254316.065805152 4070592.43779809 0 1
254315.668091819 4070591.49335242 0 1
254315.271826097 4070590.55239744 0 1
254314.876923775 4070589.61474342 0 1
254314.483292219 4070588.68017849 0 1
254314.090832691 4070587.74847427 0 1
254313.699442476 4070586.81939114 0 1
254313.309016795 4070585.89268288 0 1
254312.919450510 4070584.96810095 0 1
254312.530639623 4070584.04539819 0 1
254312.142482572 4070583.12433207 0 1
254311.754881339 4070582.20466748 0 1
254311.367742359 4070581.28617903 0 1
254310.980977271 4070580.36865303 0 1
254310.594503490 4070579.45188893 0 1
254310.208244634 4070578.53570051 0 1
254309.822130816 4070577.61991664 0 1
254309.436098802 4070576.70438182 0 1
254309.050092061 4070575.78895636 0 1
254308.664060720 4070574.87351639 0 1
254308.277961427 4070573.95795358 0 1
254307.891757141 4070573.04217471 0 1
254307.505416865 4070572.12610113 0 1
254307.118915324 4070571.20966798 0 1
254306.732232607 4070570.29282344 0 1
254306.345353776 4070569.37552779 0 1
254305.958268457 4070568.45775248 0 1
254305.570970420 4070567.53947913 0 1
254305.183457148 4070566.62069853 0 1
254304.795729415 4070565.70140962 0 1
254304.407790865 4070564.78161852 0 1
254304.019647608 4070563.86133752 0 1
254303.631307828 4070562.94058418 0 1
254303.242781413 4070562.01938041 0 1
254302.854079609 4070561.09775164 0 1
254302.465214694 4070560.17572603 0 1
254302.076199681 4070559.25333373 0 1
254301.687048048 4070558.33060624 0 1
254301.297773490 4070557.40757578 0 1
254300.908389709 4070556.48427479 0 1
254300.518910217 4070555.56073540 0 1
254300.129348177 4070554.63698909 0 1
254299.739716263 4070553.71306628 0 1
254299.350026545 4070552.78899607 0 1
254298.960290397 4070551.86480599 0 1
254298.570518424 4070550.94052182 0 1
254298.180720414 4070550.01616744 0 1
254297.790905303 4070549.09176475 0 1
254297.401081155 4070548.16733361 0 1
254297.011255159 4070547.24289179 0 1
254296.621433640 4070546.31845502 0 1
254296.231622078 4070545.39403702 0 1
254295.841825133 4070544.46964953 0 1
254295.452046688 4070543.54530243 0 1
254295.062289889 4070542.62100381 0 1
254294.672557190 4070541.69676008 0 1
254294.282850411 4070540.77257611 0 1
254293.893170785 4070539.84845533 0 1
254293.503519018 4070538.92439987 0 1
254293.113895343 4070538.00041070 0 1
254292.724299575 4070537.07648775 0 1
254292.334731166 4070536.15263004 0 1
254291.945189258 4070535.22883581 0 1
254291.555672731 4070534.30510264 0 1
254291.166180255 4070533.38142756 0 1
254290.776710331 4070532.45780718 0 1
254290.387261333 4070531.53423775 0 1
254289.997831549 4070530.61071530 0 1
254289.608419211 4070529.68723569 0 1
254289.219022529 4070528.76379471 0 1
254288.829639721 4070527.84038814 0 1
254288.440269031 4070526.91701178 0 1
254288.050908755 4070525.99366157 0 1
254287.661557253 4070525.07033356 0 1
254287.272212970 4070524.14702400 0 1
254286.882874443 4070523.22372935 0 1
254286.493540310 4070522.30044629 0 1
254286.104209318 4070521.37717177 0 1
254285.714880324 4070520.45390297 0 1
254285.325552301 4070519.53063737 0 1
254284.936224335 4070518.60737271 0 1
254284.546895624 4070517.68410699 0 1
254284.157565477 4070516.76083848 0 1
254283.768233307 4070515.83756569 0 1
254283.378898630 4070514.91428739 0 1
254282.989561053 4070513.99100258 0 1
254282.600220275 4070513.06771045 0 1
254282.210876076 4070512.14441041 0 1
254281.821528309 4070511.22110206 0 1
254281.432176897 4070510.29778514 0 1
254281.042821820 4070509.37445957 0 1
254280.653463115 4070508.45112538 0 1
254280.264100860 4070507.52778272 0 1
254279.874735177 4070506.60443184 0 1
254279.485366217 4070505.68107307 0 1
254279.095994159 4070504.75770681 0 1
254278.706619203 4070503.83433351 0 1
254278.317241563 4070502.91095368 0 1
254277.927861465 4070501.98756783 0 1
254277.538479141 4070501.06417651 0 1
254277.149094823 4070500.14078026 0 1
254276.759708744 4070499.21737964 0 1
254276.370321132 4070498.29397519 0 1
254275.980932208 4070497.37056745 0 1
254275.591542183 4070496.44715691 0 1
254275.202151257 4070495.52374406 0 1
254274.812759620 4070494.60032936 0 1
254274.423367445 4070493.67691324 0 1
254274.033974893 4070492.75349609 0 1
254273.644582109 4070491.83007826 0 1
254273.255189226 4070490.90666008 0 1
254272.865796359 4070489.98324183 0 1
254272.476403609 4070489.05982378 0 1
254272.087011064 4070488.13640613 0 1
254271.697618797 4070487.21298907 0 1
254271.308226869 4070486.28957277 0 1
254270.918835329 4070485.36615734 0 1
254270.529444213 4070484.44274288 0 1
254270.140053548 4070483.51932947 0 1
254269.750663352 4070482.59591715 0 1
254269.361273633 4070481.67250595 0 1
254268.971884391 4070480.74909588 0 1
254268.582495620 4070479.82568693 0 1
254268.193107310 4070478.90227909 0 1
254267.803719444 4070477.97887230 0 1
254267.414332000 4070477.05546654 0 1
254267.024944954 4070476.13206174 0 1
254266.635558282 4070475.20865784 0 1
254266.246171953 4070474.28525478 0 1
254265.856785938 4070473.36185250 0 1
254265.467400208 4070472.43845091 0 1
254265.078014731 4070471.51504995 0 1
254264.688629477 4070470.59164955 0 1
254264.299244417 4070469.66824963 0 1
254263.909859523 4070468.74485012 0 1
254263.520474766 4070467.82145097 0 1
254263.131090122 4070466.89805211 0 1
254262.741705565 4070465.97465348 0 1
254262.352321074 4070465.05125502 0 1
254261.962936629 4070464.12785668 0 1
254261.573552209 4070463.20445843 0 1
254261.184167799 4070462.28106021 0 1
254260.794989019 4070461.35757929 0 1
254260.406140848 4070460.43399925 0 1
254260.016675663 4070459.51062576 0 1
254259.624893653 4070458.58820375 0 1
254259.229182636 4070457.66746475 0 1
254258.828184574 4070456.74902638 0 1
254258.420782870 4070455.83339787 0 1
254258.006087890 4070454.92098648 0 1
254257.583421148 4070454.01210449 0 1
254257.152298524 4070453.10697666 0 1
254256.712412873 4070452.20574797 0 1
254256.263616347 4070451.30849145 0 1
254255.805902694 4070450.41521618 0 1
254255.339389803 4070449.52587500 0 1
254254.864302685 4070448.64037218 0 1
254254.380957084 4070447.75857075 0 1
254253.889743869 4070446.88029951 0 1
254253.391114313 4070446.00535964 0 1
254252.885566367 4070445.13353086 0 1
254252.373631984 4070444.26457717 0 1
254251.855865547 4070443.39825201 0 1
254251.332833422 4070442.53430305 0 1
254250.805104632 4070441.67247631 0 1
254250.273242664 4070440.81251997 0 1
254249.737798352 4070439.95418751 0 1
254249.199303827 4070439.09724050 0 1
254248.658267475 4070438.24145091 0 1
254248.115169844 4070437.38660294 0 1
254247.570460448 4070436.53249450 0 1
254247.024555390 4070435.67893832 0 1
254246.477835751 4070434.82576271 0 1
254245.930646655 4070433.97281198 0 1
254245.383296951 4070433.11994661 0 1
254244.836059435 4070432.26704322 0 1
254244.289171546 4070431.41399421 0 1
254243.742836461 4070430.56070737 0 1
254243.197224530 4070429.70710516 0 1
254242.652474988 4070428.85312405 0 1
254242.108697885 4070427.99871362 0 1
254241.565976181 4070427.14383561 0 1
254241.024367951 4070426.28846301 0 1
254240.483908672 4070425.43257896 0 1
254239.944613529 4070424.57617580 0 1
254239.406479718 4070423.71925398 0 1
254238.869488718 4070422.86182107 0 1
254238.333608493 4070422.00389078 0 1
254237.798795610 4070421.14548200 0 1
254237.264997251 4070420.28661790 0 1
254236.732153110 4070419.42732507 0 1
254236.200197152 4070418.56763275 0 1
254235.669059239 4070417.70757206 0 1
254235.138666608 4070416.84717539 0 1
254234.608945201 4070415.98647574 0 1
254234.079820853 4070415.12550623 0 1
254233.551220329 4070414.26429958 0 1
254233.023072223 4070413.40288777 0 1
254232.495307720 4070412.54130163 0 1
254231.967861226 4070411.67957061 0 1
254231.440670875 4070410.81772248 0 1
254230.913678924 4070409.95578322 0 1
254230.386832043 4070409.09377681 0 1
254229.860081503 4070408.23172524 0 1
254229.333383281 4070407.36964836 0 1
254228.806698084 4070406.50756393 0 1
254228.279991311 4070405.64548760 0 1
254227.753232947 4070404.78343298 0 1
254227.226397408 4070403.92141168 0 1
254226.699463351 4070403.05943344 0 1
254226.172413438 4070402.19750615 0 1
254225.645234086 4070401.33563606 0 1
254225.117915182 4070400.47382784 0 1
254224.590449801 4070399.61208471 0 1
254224.062833899 4070398.75040861 0 1
254223.535066017 4070397.88880030 0 1
254223.007146981 4070397.02725952 0 1
254222.479079602 4070396.16578510 0 1
254221.950868398 4070395.30437510 0 1
254221.422519317 4070394.44302692 0 1
254220.894039474 4070393.58173744 0 1
254220.365436915 4070392.72050311 0 1
254219.836720385 4070391.85932006 0 1
254219.307899122 4070390.99818417 0 1
254218.778982668 4070390.13709122 0 1
254218.249980699 4070389.27603687 0 1
254217.720902877 4070388.41501682 0 1
254217.191913786 4070387.55393470 0 1
254216.664034546 4070386.69222698 0 1
254216.139196920 4070385.82908992 0 1
254215.619088946 4070384.96217637 0 1
254215.105125602 4070384.08948173 0 1
254214.598461509 4070383.20932979 0 1
254214.100007221 4070382.32035525 0 1
254213.610446871 4070381.42148403 0 1
254213.130256770 4070380.51191211 0 1
254212.659724571 4070379.59108311 0 1
254212.198968665 4070378.65866536 0 1
254211.748414279 4070377.71437714 0 1
254211.309849393 4070376.75929304 0 1
254210.885648306 4070375.79354981 0 1
254210.478740023 4070374.81729010 0 1
254210.091606698 4070373.83077147 0 1
254209.726149312 4070372.83436149 0 1
254209.383733389 4070371.82851902 0 1
254209.065236467 4070370.81377655 0 1
254208.771096429 4070369.79072371 0 1
254208.501359929 4070368.75999201 0 1
254208.255730231 4070367.72224097 0 1
254208.033613869 4070366.67814544 0 1
254207.834165629 4070365.62838445 0 1
254207.656335062 4070364.57363101 0 1
254207.499591616 4070363.51451685 0 1
254207.364377416 4070362.45167942 0 1
254207.251974610 4070361.38585075 0 1
254207.164369477 4070360.31793311 0 1
254207.104115660 4070359.24906156 0 1
254207.074198694 4070358.18065331 0 1
254207.077535978 4070357.11510014 0 1
254207.117165170 4070356.05498344 0 1
254207.195702192 4070355.00277647 0 1
254207.314900519 4070353.96053657 0 1
254207.475733802 4070352.92992821 0 1
254207.678479036 4070351.91224870 0 1
254207.922799062 4070350.90845571 0 1
254208.207823341 4070349.91919611 0 1
254208.532226095 4070348.94483556 0 1
254208.894301066 4070347.98548828 0 1
254209.292473523 4070347.04135696 0 1
254209.725713258 4070346.11307414 0 1
254210.193426926 4070345.20170430 0 1
254210.695352850 4070344.30873525 0 1
254211.231459804 4070343.43606004 0 1
254211.801851072 4070342.58595020 0 1
254212.407300177 4070341.76073052 0 1
254213.048499609 4070340.96317186 0 1
254213.725971391 4070340.19643483 0 1
254214.439988335 4070339.46400755 0 1
254215.190506389 4070338.76963891 0 1
254215.977079460 4070338.11685795 0 1
254216.798819566 4070337.50819769 0 1
254217.654462253 4070336.94526684 0 1
254218.542430741 4070336.42884216 0 1
254219.460896445 4070335.95896071 0 1
254220.407835478 4070335.53501110 0 1
254221.381080848 4070335.15582225 0 1
254222.378370178 4070334.81974895 0 1
254223.397388822 4070334.52475343 0 1
254224.435808365 4070334.26848215 0 1
254225.491320538 4070334.04833748 0 1
254226.561666663 4070333.86154394 0 1
254227.644674469 4070333.70535664 0 1
254228.738311414 4070333.57798653 0 1
254229.786072240 4070333.51475105 0 1
254230.781243128 4070333.51570451 0 1
254231.734365107 4070333.56880645 0 1
254232.655979203 4070333.66201639 0 1
254233.556626444 4070333.78329385 0 1
254234.446847857 4070333.92059836 0 1
254235.337184469 4070334.06188944 0 1
254236.238177307 4070334.19512661 0 1
254237.160367398 4070334.30826941 0 1
254238.114295770 4070334.38927735 0 1
254239.111653827 4070334.45834259 0 1
254240.151890450 4070334.61379037 0 1
254241.187223484 4070334.80060802 0 1
254242.222556517 4070334.98742567 0 1
254243.257889551 4070335.17424332 0 1
254244.293222585 4070335.36106097 0 1
254245.328896807 4070335.54592215 0 1
254246.373104904 4070335.67171491 0 1
254247.424110184 4070335.71149267 0 1
254248.474839291 4070335.66498770 0 1
254249.518220728 4070335.53251300 0 1
254250.547232446 4070335.31496012 0 1
254251.554949108 4070335.01379323 0 1
254252.534588694 4070334.63103920 0 1
254253.479558144 4070334.16927399 0 1
254254.383497732 4070333.63160533 0 1
254255.240323867 4070333.02165177 0 1
254256.044270034 4070332.34351835 0 1
254256.789925607 4070331.60176898 0 1
254257.472272258 4070330.80139568 0 1
254258.057978333 4070329.99118491 0 -1
254257.537185451 4070330.84457103 0 -1
254257.074638649 4070331.60459859 0 -1
254256.664215954 4070332.28517489 0 -1
254256.300855952 4070332.89995879 0 -1
254255.980522678 4070333.46212129 0 -1
254255.700154224 4070333.98414064 0 -1
254255.457597669 4070334.47763119 0 -1
254255.251532848 4070334.95320459 0 -1
254255.081387356 4070335.42036179 0 -1
254254.947245044 4070335.88741413 0 -1
254254.849750130 4070336.36143133 0 -1
254254.790008874 4070336.84821456 0 -1
254254.769490594 4070337.35229209 0 -1
254254.789929650 4070337.87693549 0 -1
254254.853229825 4070338.42419397 0 -1
254254.961372364 4070338.99494467 0 -1
254255.116293297 4070339.58898836 0 -1
254255.319247818 4070340.20565315 0 -1
254255.570671057 4070340.84403747 0 -1
254255.870273679 4070341.50305096 0 -1
254256.217135675 4070342.18145303 0 -1
254256.609797240 4070342.87788859 0 -1
254257.046345866 4070343.59092098 0 -1
254257.524498902 4070344.31906199 0 -1
254258.041681002 4070345.06079882 0 -1
254258.595096024 4070345.81461803 0 -1
254259.181793079 4070346.57902661 0 -1
254259.798726529 4070347.35257005 0 -1
254260.442809865 4070348.13384774 0 -1
254261.110963473 4070348.92152561 0 -1
254261.800156378 4070349.71434640 0 -1
254262.507442158 4070350.51113749 0 -1
254263.229989220 4070351.31081666 0 -1
254263.965105745 4070352.11239584 0 -1
254264.710259610 4070352.91498314 0 -1
254265.463093622 4070353.71778323 0 -1
254266.221436455 4070354.52009640 0 -1
254266.983309654 4070355.32131641 0 -1
254267.746931103 4070356.12092725 0 -1
254268.510715349 4070356.91849911 0 -1
254269.273271165 4070357.71368368 0 -1
254270.033396727 4070358.50620883 0 -1
254270.790072768 4070359.29587293 0 -1
254271.542454056 4070360.08253895 0 -1
254272.289859519 4070360.86612828 0 -1
254273.031761327 4070361.64661464 0 -1
254273.767773199 4070362.42401794 0 -1
254274.458774303 4070363.15698731 0 -1
254275.103158310 4070363.84421589 0 -1
254275.712153999 4070364.49809756 0 -1
254276.296990149 4070365.13102618 0 -1
254276.868895537 4070365.75539564 0 -1
254277.439098943 4070366.38359980 0 -1
254278.018829146 4070367.02803254 0 -1
254278.619314923 4070367.70108773 0 -1
254279.251785053 4070368.41515924 0 -1
254279.916464843 4070369.16928839 0 -1
254280.581144633 4070369.92341755 0 -1
254281.245824423 4070370.67754671 0 -1
254281.910504213 4070371.43167587 0 -1
254282.575184003 4070372.18580502 0 -1
254283.239863793 4070372.93993418 0 -1
254283.904543583 4070373.69406334 0 -1
254284.569223373 4070374.44819250 0 -1
254285.233903163 4070375.20232165 0 -1
254285.898582953 4070375.95645081 0 -1
254286.563262743 4070376.71057997 0 -1
254287.227942533 4070377.46470913 0 -1
254287.892622323 4070378.21883828 0 -1
254288.557302113 4070378.97296744 0 -1
254289.221981902 4070379.72709660 0 -1
254289.887255049 4070380.48069886 0 -1
254290.588853126 4070381.20024909 0 -1
254291.344656906 4070381.86263346 0 -1
254292.150022132 4070382.46378174 0 -1
254293 4070383 0 -1