17 25 1 1
16.8301446105361 24.9800012506225 1 1
16.6607482207275 24.9600249899612 1 1
16.4918103708850 24.9400711842154 1 1
16.3233306013194 24.9201397995845 1 1
16.1553084523416 24.9002308022678 1 1
15.9877434642623 24.8803441584646 1 1
15.8206351773923 24.8604798343742 1 1
15.6539831320425 24.8406377961960 1 1
15.4877868685236 24.8208180101293 1 1
15.3220459271465 24.8010204423734 1 1
15.1567598482220 24.7812450591276 1 1
14.9919281720609 24.7614918265912 1 1
14.8275504389741 24.7417607109636 1 1
14.6636261892722 24.7220516784442 1 1
14.5001549632662 24.7023646952321 1 1
14.3371363012668 24.6826997275268 1 1
14.1745697435849 24.6630567415276 1 1
14.0124548305312 24.6434357034338 1 1
13.8507911024166 24.6238365794447 1 1
13.6895780995519 24.6042593357597 1 1
13.5288153622479 24.5847039385780 1 1
13.3685024308155 24.5651703540990 1 1
13.2086388455653 24.5456585485221 1 1
13.0492241468082 24.5261684880465 1 1
12.8902578748552 24.5067001388715 1 1
12.7317395700168 24.4872534671966 1 1
12.5736687726040 24.4678284392210 1 1
12.4160450229276 24.4484250211440 1 1
12.2588678612984 24.4290431791650 1 1
12.1021368280272 24.4096828794833 1 1
11.9458514634248 24.3903440882982 1 1
11.7900113078020 24.3710267718090 1 1
11.6346159014696 24.3517308962151 1 1
11.4796647847385 24.3324564277158 1 1
11.3251574979194 24.3132033325104 1 1
11.1710935813232 24.2939715767983 1 1
11.0174725752606 24.2747611267787 1 1
10.8642940200426 24.2555719486510 1 1
10.7115574559798 24.2364040086145 1 1
10.5592624233832 24.2172572728685 1 1
10.4074084625634 24.1981317076124 1 1
10.2559951138314 24.1790272790455 1 1
10.1050219174979 24.1599439533671 1 1
9.95448841387381 24.1408816967765 1 1
9.80439414326985 24.1218404754731 1 1
9.65473864599685 24.1028202556561 1 1
9.50552146236564 24.0838210035250 1 1
9.35674213268702 24.0648426852790 1 1
9.20840019727181 24.0458852671175 1 1
9.06049519643081 24.0269487152397 1 1
8.91302667047484 24.0080329958450 1 1
8.76599415971470 23.9891380751328 1 1
8.61939720446121 23.9702639193023 1 1
8.47323534502518 23.9514104945529 1 1
8.32750812171742 23.9325777670839 1 1
8.18221507484874 23.9137657030946 1 1
8.03735574472995 23.8949742687843 1 1
7.89292967167187 23.8762034303525 1 1
7.74893639598529 23.8574531539983 1 1
7.60537545798105 23.8387234059212 1 1
7.46224639796993 23.8200141523204 1 1
7.31954875626276 23.8013253593952 1 1
7.17728207317035 23.7826569933451 1 1
7.03544588900351 23.7640090203693 1 1
6.89403974407305 23.7453814066671 1 1
6.75306317868978 23.7267741184379 1 1
6.61251573316450 23.7081871218810 1 1
6.47239694780804 23.6896203831957 1 1
6.33270636293120 23.6710738685814 1 1
6.19344351884480 23.6525475442373 1 1
6.05460795585964 23.6340413763628 1 1
5.91619921428655 23.6155553311572 1 1
5.77821683443630 23.5970893748198 1 1
5.64066035661976 23.5786434735501 1 1
5.50352932114768 23.5602175935472 1 1
5.36682326833091 23.5418117010105 1 1
5.23054173848024 23.5234257621393 1 1
5.09468427190650 23.5050597431330 1 1
4.95925040892049 23.4867136101909 1 1
4.82423968983302 23.4683873295123 1 1
4.68965165495490 23.4500808672966 1 1
4.55548584459695 23.4317941897430 1 1
4.42174179906998 23.4135272630508 1 1
4.28841905868479 23.3952800534195 1 1
4.15551716375220 23.3770525270483 1 1
4.02303565458302 23.3588446501366 1 1
3.89097407148805 23.3406563888836 1 1
3.75933195477812 23.3224877094888 1 1
3.62810884476403 23.3043385781513 1 1
3.49730428175659 23.2862089610707 1 1
3.36691780606661 23.2680988244461 1 1
3.23694895800491 23.2500081344769 1 1
3.10739727788229 23.2319368573624 1 1
2.97826230600957 23.2138849593020 1 1
2.84954358269755 23.1958524064949 1 1
2.72124064825705 23.1778391651406 1 1
2.59335304299888 23.1598452014382 1 1
2.46588030723385 23.1418704815873 1 1
2.33882198127277 23.1239149717869 1 1
2.21217760542645 23.1059786382366 1 1
2.08594672000571 23.0880614471356 1 1
1.96012886532134 23.0701633646833 1 1
1.83472358168418 23.0522843570789 1 1
1.70973040940501 23.0344243905218 1 1
1.58514888879466 23.0165834312113 1 1
1.46097856016394 22.9987614453468 1 1
1.33721896382366 22.9809583991275 1 1
1.21386964008463 22.9631742587528 1 1
1.09093012925765 22.9454089904221 1 1
0.968399971653547 22.9276625603345 1 1
0.846278707583121 22.9099349346896 1 1
0.724565877357190 22.8922260796865 1 1
0.603261021286563 22.8745359615246 1 1
0.482363679682052 22.8568645464033 1 1
0.361873392854463 22.8392118005218 1 1
0.241789701114612 22.8215776900796 1 1
0.122112144773308 22.8039621812758 1 1
0.00284026414135852 22.7863652403098 1 1
-0.116026400470400 22.7687868333810 1 1
-0.234488308751217 22.7512269266887 1 1
-0.352545920390206 22.7336854864322 1 1
-0.470199695076630 22.7161624788109 1 1
-0.587450092499605 22.6986578700240 1 1
-0.704297572348391 22.6811716262708 1 1
-0.820742594312112 22.6637037137508 1 1
-0.936785618079998 22.6462540986632 1 1
-1.05242710334123 22.6288227472074 1 1
-1.16766750978500 22.6114096255826 1 1
-1.28250729710049 22.5940146999882 1 1
-1.39694692497689 22.5766379366236 1 1
-1.51098685310338 22.5592793016880 1 1
-1.62462754116917 22.5419387613807 1 1
-1.73786944886344 22.5246162819012 1 1
-1.85071303587537 22.5073118294487 1 1
-1.96315876189416 22.4900253702226 1 1
-2.07520708660900 22.4727568704221 1 1
-2.18685846970907 22.4555062962466 1 1
-2.29811337088356 22.4382736138954 1 1
-2.40897224982167 22.4210587895679 1 1
-2.51943556621257 22.4038617894633 1 1
-2.62950377974547 22.3866825797811 1 1
-2.73917735010955 22.3695211267204 1 1
-2.84845673699400 22.3523773964807 1 1
-2.95734240008800 22.3352513552613 1 1
-3.06583479908075 22.3181429692614 1 1
-3.17393439366144 22.3010522046805 1 1
-3.28164164351925 22.2839790277178 1 1
-3.38895700834338 22.2669234045727 1 1
-3.49588094782301 22.2498853014444 1 1
-3.60241392164733 22.2328646845324 1 1
-3.70855638950554 22.2158615200359 1 1
-3.81430881108681 22.1988757741543 1 1
-3.91967164608035 22.1819074130868 1 1
-4.02464535417533 22.1649564030329 1 1
-4.12923039506095 22.1480227101918 1 1
-4.23342722842640 22.1311063007628 1 1
-4.33723631396087 22.1142071409453 1 1
-4.44065811135354 22.0973251969387 1 1
-4.54369308029360 22.0804604349421 1 1
-4.64634168047024 22.0636128211551 1 1
-4.74860437157266 22.0467823217768 1 1
-4.85048161329004 22.0299689030066 1 1
-4.95197386531157 22.0131725310438 1 1
-5.05308158732644 21.9963931720878 1 1
-5.15380523902384 21.9796307923379 1 1
-5.25414528009295 21.9628853579933 1 1
-5.35410217022298 21.9461568352535 1 1
-5.45367636910308 21.9294451903178 1 1
-5.55286833642250 21.9127503893854 1 1
-5.65167853187036 21.8960723986557 1 1
-5.75010741513592 21.8794111843280 1 1
-5.84815544590829 21.8627667126017 1 1
-5.94582308387674 21.8461389496761 1 1
-6.04311078873038 21.8295278617504 1 1
-6.14001902015848 21.8129334150241 1 1
-6.23654823785016 21.7963555756964 1 1
-6.33269890149465 21.7797943099667 1 1
-6.42847147078113 21.7632495840343 1 1
-6.52386640539878 21.7467213640985 1 1
-6.61888416503679 21.7302096163586 1 1
-6.71352520938436 21.7137143070140 1 1
-6.80778999813067 21.6972354022640 1 1
-6.90167899096491 21.6807728683079 1 1
-6.99519264757628 21.6643266713451 1 1
-7.08833142765395 21.6478967775748 1 1
-7.18109579088712 21.6314831531964 1 1
-7.27348619696499 21.6150857644092 1 1
-7.36550310557673 21.5987045774125 1 1
-7.45714697641153 21.5823395584057 1 1
-7.54841826915859 21.5659906735881 1 1
-7.63931744350710 21.5496578891590 1 1
-7.72984495914623 21.5333411713178 1 1
-7.82000127576519 21.5170404862637 1 1
-7.90978685305317 21.5007558001960 1 1
-7.99920215069934 21.4844870793142 1 1
-8.08824762839290 21.4682342898175 1 1
-8.17692374582304 21.4519973979053 1 1
-8.26523096267895 21.4357763697769 1 1
-8.35316973864982 21.4195711716315 1 1
-8.44074053342484 21.4033817696686 1 1
-8.52794380669318 21.3872081300874 1 1
-8.61478001814405 21.3710502190873 1 1
-8.70124962746664 21.3549080028677 1 1
-8.78735309435013 21.3387814476277 1 1
-8.87309087848371 21.3226705195668 1 1
-8.95846343955657 21.3065751848843 1 1
-9.04347123725790 21.2904954097794 1 1
-9.12811473127688 21.2744311604516 1 1
-9.21239438130272 21.2583824031001 1 1
-9.29631064702460 21.2423491039244 1 1
-9.37986398813170 21.2263312291236 1 1
-9.46305486431321 21.2103287448971 1 1
-9.54588373525833 21.1943416174442 1 1
-9.62835106065624 21.1783698129644 1 1
-9.71045730019612 21.1624132976568 1 1
-9.79220291356720 21.1464720377209 1 1
-9.87358836045861 21.1305459993559 1 1
-9.95461410055960 21.1146351487611 1 1
-10.0352805935593 21.0987394521360 1 1
-10.1155882991470 21.0828588756797 1 1
-10.1955376770117 21.0669933855917 1 1
-10.2751291868428 21.0511429480713 1 1
-10.3543632883293 21.0353075293177 1 1
-10.4332404411606 21.0194870955304 1 1
-10.5117611050257 21.0036816129086 1 1
-10.5899257396139 20.9878910476517 1 1
-10.6677348046143 20.9721153659589 1 1
-10.7451887597162 20.9563545340297 1 1
-10.8222880646087 20.9406085180633 1 1
-10.8990331789810 20.9248772842590 1 1
-10.9754245625223 20.9091607988163 1 1
-11.0514626749218 20.8934590279343 1 1
-11.1271479758687 20.8777719378125 1 1
-11.2024809250522 20.8620994946501 1 1
-11.2774619821614 20.8464416646465 1 1
-11.3520916068856 20.8307984140010 1 1
-11.4263702589140 20.8151697089130 1 1
-11.5002983979356 20.7995555155817 1 1
-11.5738764836398 20.7839558002065 1 1
-11.6471049757157 20.7683705289866 1 1
-11.7199843338525 20.7527996681215 1 1
-11.7925150177394 20.7372431838105 1 1
-11.8646974870656 20.7217010422528 1 1
-11.9365322015202 20.7061732096478 1 1
-12.0080196207925 20.6906596521949 1 1
-12.0791602045716 20.6751603360933 1 1
-12.1499544125468 20.6596752275424 1 1
-12.2204027044071 20.6442042927414 1 1
-12.2905055398419 20.6287474978898 1 1
-12.3602633785403 20.6133048091868 1 1
-12.4296766801915 20.5978761928318 1 1
-12.4987459044846 20.5824616150241 1 1
-12.5674715111090 20.5670610419630 1 1
-12.6358539597536 20.5516744398479 1 1
-12.7038937101079 20.5363017748780 1 1
-12.7715912218608 20.5209430132527 1 1
-12.8389469547017 20.5055981211714 1 1
-12.9059613683197 20.4902670648332 1 1
-12.9726349224040 20.4749498104377 1 1
-13.0389680766438 20.4596463241840 1 1
-13.1049612907282 20.4443565722715 1 1
-13.1706150243466 20.4290805208996 1 1
-13.2359297371880 20.4138181362675 1 1
-13.3009058889416 20.3985693845746 1 1
-13.3655439392967 20.3833342320203 1 1
-13.4298443479424 20.3681126448037 1 1
-13.4938075745679 20.3529045891244 1 1
-13.5574340788624 20.3377100311815 1 1
-13.6207243205151 20.3225289371744 1 1
-13.6836787592152 20.3073612733024 1 1
-13.7462978546519 20.2922070057649 1 1
-13.8085820665143 20.2770661007612 1 1
-13.8705318544917 20.2619385244906 1 1
-13.9321476782732 20.2468242431524 1 1
-13.9934299975480 20.2317232229460 1 1
-14.0543792720053 20.2166354300706 1 1
-14.1149959613344 20.2015608307257 1 1
-14.1752805252244 20.1864993911104 1 1
-14.2352334233644 20.1714510774243 1 1
-14.2948551154437 20.1564158558665 1 1
-14.3541460611515 20.1413936926364 1 1
-14.4131067201769 20.1263845539333 1 1
-14.4717375522091 20.1113884059566 1 1
-14.5300390169374 20.0964052149055 1 1
-14.5880115740509 20.0814349469794 1 1
-14.6456556832388 20.0664775683777 1 1
-14.7029718041903 20.0515330452996 1 1
-14.7599603965946 20.0366013439445 1 1
-14.8166219201409 20.0216824305117 1 1
-14.8729568345183 20.0067762712004 1 1
-14.9289655994160 19.9918828322102 1 1
-14.9846486745234 19.9770020797402 1 1
-15.0400065195294 19.9621339799898 1 1
-15.0950395941234 19.9472784991583 1 1
-15.1497483579944 19.9324356034450 1 1
-15.2041332708318 19.9176052590493 1 1
-15.2581947923247 19.9027874321705 1 1
-15.3119333821622 19.8879820890079 1 1
-15.3653495000336 19.8731891957609 1 1
-15.4184436056280 19.8584087186287 1 1
-15.4712161586347 19.8436406238107 1 1
-15.5236676187429 19.8288848775062 1 1
-15.5757984456416 19.8141414459146 1 1
-15.6276090990202 19.7994102952351 1 1
-15.6791000385677 19.7846913916670 1 1
-15.7302717239735 19.7699847014098 1 1
-15.7811246149266 19.7552901906628 1 1
-15.8316591711163 19.7406078256251 1 1
-15.8818758522317 19.7259375724963 1 1
-15.9317751179621 19.7112793974756 1 1
-15.9813574279966 19.6966332667623 1 1
-16.0306232420244 19.6819991465557 1 1
-16.0795730197348 19.6673770030553 1 1
-16.1282072208168 19.6527668024602 1 1
-16.1765263049598 19.6381685109698 1 1
-16.2245307318528 19.6235820947836 1 1
-16.2722209611851 19.6090075201006 1 1
-16.3195974526458 19.5944447531204 1 1
-16.3666606659242 19.5798937600422 1 1
-16.4134110607095 19.5653545070654 1 1
-16.4598490966907 19.5508269603892 1 1
-16.5059752335572 19.5363110862130 1 1
-16.5517899309980 19.5218068507362 1 1
-16.5972936487025 19.5073142201580 1 1
-16.6424868463597 19.4928331606778 1 1
-16.6873699836589 19.4783636384948 1 1
-16.7319435202893 19.4639056198085 1 1
-16.7762079159400 19.4494590708181 1 1
-16.8201636303003 19.4350239577230 1 1
-16.8638111230592 19.4206002467225 1 1
-16.9071508539061 19.4061879040159 1 1
-16.9501832825301 19.3917868958025 1 1
-16.9929088686204 19.3773971882817 1 1
-17.0353280718662 19.3630187476528 1 1
-17.0774413519566 19.3486515401151 1 1
-17.1192491685809 19.3342955318679 1 1
-17.1607519814283 19.3199506891106 1 1
-17.2019502501878 19.3056169780425 1 1
-17.2428444345489 19.2912943648629 1 1
-17.2834349942005 19.2769828157712 1 1
-17.3237223888319 19.2626822969666 1 1
-17.3637070781324 19.2483927746484 1 1
-17.4033895217910 19.2341142150161 1 1
-17.4427701794970 19.2198465842689 1 1
-17.4818495109395 19.2055898486062 1 1
-17.5206279758078 19.1913439742273 1 1
-17.5591060337910 19.1771089273314 1 1
-17.5972841445784 19.1628846741180 1 1
-17.6351627678591 19.1486711807864 1 1
-17.6727423633223 19.1344684135358 1 1
-17.7100233906572 19.1202763385656 1 1
-17.7470063095530 19.1060949220752 1 1
-17.7836915796988 19.0919241302638 1 1
-17.8200796607839 19.0777639293308 1 1
-17.8561710124975 19.0636142854755 1 1
-17.8919660945287 19.0494751648972 1 1
-17.9274653665668 19.0353465337952 1 1
-17.9626692883008 19.0212283583689 1 1
-17.9975783194201 19.0071206048177 1 1
-18.0321929196138 18.9930232393407 1 1
-18.0665135485710 18.9789362281374 1 1
-18.1005406659810 18.9648595374071 1 1
-18.1342747315330 18.9507931333490 1 1
-18.1677162049162 18.9367369821626 1 1
-18.2008655458197 18.9226910500471 1 1
-18.2337232139327 18.9086553032019 1 1
-18.2662896689445 18.8946297078263 1 1
-18.2985653705441 18.8806142301196 1 1
-18.3305507784209 18.8666088362811 1 1
-18.3622463522639 18.8526134925102 1 1
-18.3936525517624 18.8386281650062 1 1
-18.4247698366056 18.8246528199684 1 1
-18.4555986664827 18.8106874235962 1 1
-18.4861395010828 18.7967319420888 1 1
-18.5163928000951 18.7827863416456 1 1
-18.5463590232088 18.7688505884659 1 1
-18.5760386301132 18.7549246487490 1 1
-18.6054320804974 18.7410084886943 1 1
-18.6345398340505 18.7271020745011 1 1
-18.6633623504619 18.7132053723687 1 1
-18.6919000894206 18.6993183484964 1 1
-18.7201535106158 18.6854409690836 1 1
-18.7481230737368 18.6715732003295 1 1
-18.7758092384728 18.6577150084336 1 1
-18.8032124645128 18.6438663595951 1 1
-18.8303332115462 18.6300272200134 1 1
-18.8571719392621 18.6161975558877 1 1
-18.8837291073497 18.6023773334174 1 1
-18.9100051754981 18.5885665188019 1 1
-18.9360006033966 18.5747650782404 1 1
-18.9617158507344 18.5609729779323 1 1
-18.9871513772007 18.5471901840769 1 1
-19.0123076424845 18.5334166628735 1 1
-19.0371851062752 18.5196523805215 1 1
-19.0617842282619 18.5058973032201 1 1
-19.0861054681339 18.4921513971687 1 1
-19.1101492855802 18.4784146285667 1 1
-19.1339161402901 18.4646869636133 1 1
-19.1574064919527 18.4509683685079 1 1
-19.1806208002574 18.4372588094497 1 1
-19.2035595248931 18.4235582526382 1 1
-19.2262231255493 18.4098666642726 1 1
-19.2486120619149 18.3961840105523 1 1
-19.2707267936793 18.3825102576766 1 1
-19.2925677805315 18.3688453718448 1 1
-19.3141354821609 18.3551893192563 1 1
-19.3354303582565 18.3415420661103 1 1
-19.3564528685077 18.3279035786062 1 1
-19.3772034726035 18.3142738229433 1 1
-19.3976826302331 18.3006527653210 1 1
-19.4178908010858 18.2870403719385 1 1
-19.4378284448507 18.2734366089952 1 1
-19.4574960212170 18.2598414426904 1 1
-19.4768939898739 18.2462548392235 1 1
-19.4960228105107 18.2326767647937 1 1
-19.5148829428164 18.2191071856004 1 1
-19.5334748464803 18.2055460678429 1 1
-19.5517989811915 18.1919933777205 1 1
-19.5698558066393 18.1784490814326 1 1
-19.5876457825129 18.1649131451785 1 1
-19.6051693685014 18.1513855351575 1 1
-19.6224270242940 18.1378662175689 1 1
-19.6394192095799 18.1243551586121 1 1
-19.6561463840483 18.1108523244863 1 1
-19.6726090073884 18.0973576813910 1 1
-19.6888075392894 18.0838711955254 1 1
-19.7047424394404 18.0703928330888 1 1
-19.7204141675307 18.0569225602806 1 1
-19.7358231832495 18.0434603433001 1 1
-19.7509699462858 18.0300061483467 1 1
-19.7658549163290 18.0165599416195 1 1
-19.7804785530683 18.0031216893181 1 1
-19.7948413161927 17.9896913576417 1 1
-19.8089436653915 17.9762689127895 1 1
-19.8227860603538 17.9628543209611 1 1
-19.8363689607690 17.9494475483556 1 1
-19.8496928263261 17.9360485611723 1 1
-19.8627581167143 17.9226573256108 1 1
-19.8755652916229 17.9092738078701 1 1
-19.8881148107410 17.8958979741497 1 1
-19.9004071337578 17.8825297906489 1 1
-19.9124427203626 17.8691692235671 1 1
-19.9242220302444 17.8558162391035 1 1
-19.9357455230925 17.8424708034574 1 1
-19.9470136585960 17.8291328828282 1 1
-19.9580268964443 17.8158024434153 1 1
-19.9687856963263 17.8024794514179 1 1
-19.9792905179314 17.7891638730353 1 1
-19.9895418209487 17.7758556744669 1 1
-19.9995400650675 17.7625548219121 1 1
-20.0092857099769 17.7492612815701 1 1
-20.0187792153660 17.7359750196402 1 1
-20.0280210409241 17.7226960023218 1 1
-20.0370116463404 17.7094241958143 1 1
-20.0457514913041 17.6961595663168 1 1
-20.0542410355043 17.6829020800288 1 1
-20.0624807386302 17.6696517031497 1 1
-20.0704710603711 17.6564084018786 1 1
-20.0782124604161 17.6431721424149 1 1
-20.0857053984544 17.6299428909580 1 1
-20.0929503341751 17.6167206137072 1 1
-20.0999477272676 17.6035052768618 1 1
-20.1066980374209 17.5902968466211 1 1
-20.1132017243243 17.5770952891845 1 1
-20.1194592476670 17.5639005707512 1 1
-20.1254710671381 17.5507126575206 1 1
-20.1312376424268 17.5375315156921 1 1
-20.1367594332224 17.5243571114649 1 1
-20.1420368992139 17.5111894110384 1 1
-20.1470705000906 17.4980283806119 1 1
-20.1518606955418 17.4848739863847 1 1
-20.1564079452565 17.4717261945562 1 1
-20.1607127089239 17.4585849713256 1 1
-20.1647754462334 17.4454502828923 1 1
-20.1685966168739 17.4323220954557 1 1
-20.1721766805348 17.4192003752149 1 1
-20.1755160969052 17.4060850883695 1 1
-20.1786153256744 17.3929762011187 1 1
-20.1814748265314 17.3798736796617 1 1
-20.1840950591655 17.3667774901980 1 1
-20.1864764832659 17.3536875989269 1 1
-20.1886195585217 17.3406039720477 1 1
-20.1905247446222 17.3275265757597 1 1
-20.1921925012565 17.3144553762622 1 1
-20.1936232881139 17.3013903397546 1 1
-20.1948175648835 17.2883314324361 1 1
-20.1957757912545 17.2752786205062 1 1
-20.1964984269161 17.2622318701641 1 1
-20.1969859315575 17.2491911476092 1 1
-20.1972387648679 17.2361564190408 1 1
-20.1972573865364 17.2231276506581 1 1
-20.1970422562523 17.2101048086607 1 1
-20.1965938337048 17.1970878592476 1 1
-20.1959125785829 17.1840767686184 1 1
-20.1949989505760 17.1710715029722 1 1
-20.1938534093732 17.1580720285085 1 1
-20.1924764146637 17.1450783114265 1 1
-20.1908684261367 17.1320903179257 1 1
-20.1890299034814 17.1191080142052 1 1
-20.1869613063870 17.1061313664644 1 1
-20.1846630945426 17.0931603409027 1 1
-20.1821357276374 17.0801949037194 1 1
-20.1793796653607 17.0672350211138 1 1
-20.1763953674016 17.0542806592852 1 1
-20.1731832934494 17.0413317844330 1 1
-20.1697439031931 17.0283883627564 1 1
-20.1660776563220 17.0154503604548 1 1
-20.1621850125253 17.0025177437276 1 1
-20.1580664314922 16.9895904787740 1 1
-20.1537223729118 16.9766685317934 1 1
-20.1491532964734 16.9637518689850 1 1
-20.1443596618661 16.9508404565483 1 1
-20.1393419287791 16.9379342606826 1 1
-20.1341005569017 16.9250332475871 1 1
-20.1286360059230 16.9121373834612 1 1
-20.1229487355321 16.8992466345042 1 1
-20.1170392054184 16.8863609669154 1 1
-20.1109078752709 16.8734803468943 1 1
-20.1045552047788 16.8606047406400 1 1
-20.0979816536315 16.8477341143519 1 1
-20.0911876815179 16.8348684342294 1 1
-20.0841737481274 16.8220076664717 1 1
-20.0769403131491 16.8091517772782 1 1
-20.0694878362722 16.7963007328483 1 1
-20.0618167771859 16.7834544993811 1 1
-20.0539275955794 16.7706130430762 1 1
-20.0458207511419 16.7577763301327 1 1
-20.0374967035625 16.7449443267500 1 1
-20.0289559125305 16.7321169991275 1 1
-20.0201988377350 16.7192943134644 1 1
-20.0112259388653 16.7064762359601 1 1
-20.0020376756104 16.6936627328139 1 1
-19.9926345076597 16.6808537702251 1 1
-19.9830168947023 16.6680493143931 1 1
-19.9731852964273 16.6552493315172 1 1
-19.9631401725241 16.6424537877967 1 1
-19.9528819826816 16.6296626494309 1 1
-19.9424111865893 16.6168758826191 1 1
-19.9317282439362 16.6040934535608 1 1
-19.9208336144115 16.5913153284551 1 1
-19.9097277577045 16.5785414735015 1 1
-19.8984111335042 16.5657718548992 1 1
-19.8868842015000 16.5530064388476 1 1
-19.8751474213809 16.5402451915460 1 1
-19.8632012528362 16.5274880791937 1 1
-19.8510461555551 16.5147350679900 1 1
-19.8386825892267 16.5019861241344 1 1
-19.8261110135403 16.4892412138260 1 1
-19.8133318881850 16.4765003032642 1 1
-19.8003456728501 16.4637633586484 1 1
-19.7871528272246 16.4510303461779 1 1
-19.7737538109979 16.4383012320519 1 1
-19.7601490838590 16.4255759824699 1 1
-19.7463391054972 16.4128545636311 1 1
-19.7323243356017 16.4001369417349 1 1
-19.7181052338616 16.3874230829806 1 1
-19.7036822599662 16.3747129535675 1 1
-19.6890558736046 16.3620065196949 1 1
-19.6742265344661 16.3493037475622 1 1
-19.6591947022397 16.3366046033687 1 1
-19.6439608366148 16.3239090533137 1 1
-19.6285253972804 16.3112170635965 1 1
-19.6128888439259 16.2985286004165 1 1
-19.5970516362403 16.2858436299730 1 1
-19.5810142339128 16.2731621184653 1 1
-19.5647770966327 16.2604840320927 1 1
-19.5483406840892 16.2478093370546 1 1
-19.5317054559713 16.2351379995502 1 1
-19.5148718719684 16.2224699857790 1 1
-19.4978403917696 16.2098052619402 1 1
-19.4806114750641 16.1971437942331 1 1
-19.4631855815410 16.1844855488572 1 1
-19.4455631708897 16.1718304920116 1 1
-19.4277447027991 16.1591785898958 1 1
-19.4097306369587 16.1465298087090 1 1
-19.3915214330575 16.1338841146506 1 1
-19.3731175507847 16.1212414739199 1 1
-19.3545194498295 16.1086018527163 1 1
-19.3357275898811 16.0959652172389 1 1
-19.3167424306287 16.0833315336873 1 1
-19.2975644317615 16.0707007682607 1 1
-19.2781940529687 16.0580728871583 1 1
-19.2586317539394 16.0454478565797 1 1
-19.2388779943629 16.0328256427240 1 1
-19.2189332339283 16.0202062117906 1 1
-19.1987979323249 16.0075895299788 1 1
-19.1784725492418 15.9949755634879 1 1
-19.1579575443681 15.9823642785174 1 1
-19.1372533773932 15.9697556412664 1 1
-19.1163605080062 15.9571496179343 1 1
-19.0952793958962 15.9445461747205 1 1
-19.0740105007525 15.9319452778243 1 1
-19.0525542822642 15.9193468934449 1 1
-19.0309112001207 15.9067509877818 1 1
-19.0090817140109 15.8941575270342 1 1
-18.9870662836241 15.8815664774014 1 1
-18.9648653686496 15.8689778050829 1 1
-18.9424794287764 15.8563914762779 1 1
-18.9199089236938 15.8438074571857 1 1
-18.8971543130910 15.8312257140056 1 1
-18.8742160566572 15.8186462129371 1 1
-18.8510946140815 15.8060689201793 1 1
-18.8277904450532 15.7934938019317 1 1
-18.8043040092614 15.7809208243936 1 1
-18.7806357663954 15.7683499537642 1 1
-18.7567861761442 15.7557811562430 1 1
-18.7327556981971 15.7432143980291 1 1
-18.7085447922433 15.7306496453221 1 1
-18.6841539179720 15.7180868643211 1 1
-18.6595835350724 15.7055260212255 1 1
-18.6348341032336 15.6929670822347 1 1
-18.6099060821449 15.6804100135479 1 1
-18.5847999314954 15.6678547813644 1 1
-18.5595161109743 15.6553013518837 1 1
-18.5340550802709 15.6427496913050 1 1
-18.5084172990742 15.6301997658277 1 1
-18.4826032270735 15.6176515416510 1 1
-18.4566133239580 15.6051049849744 1 1
-18.4304480494169 15.5925600619970 1 1
-18.4041078631393 15.5800167389183 1 1
-18.3775932248145 15.5674749819376 1 1
-18.3509045941316 15.5549347572542 1 1
-18.3240424307798 15.5423960310674 1 1
-18.2970071944484 15.5298587695765 1 1
-18.2697993448265 15.5173229389809 1 1
-18.2424193416032 15.5047885054799 1 1
-18.2148676444678 15.4922554352729 1 1
-18.1871447131095 15.4797236945590 1 1
-18.1592510072175 15.4671932495378 1 1
-18.1311869864809 15.4546640664084 1 1
-18.1029531105889 15.4421361113702 1 1
-18.0745498392308 15.4296093506226 1 1
-18.0459776320957 15.4170837503649 1 1
-18.0172369488727 15.4045592767963 1 1
-17.9883282492512 15.3920358961163 1 1
-17.9592519929203 15.3795135745240 1 1
-17.9300086395691 15.3669922782190 1 1
-17.9005986488869 15.3544719734004 1 1
-17.8710224805629 15.3419526262677 1 1
-17.8412805942861 15.3294342030201 1 1
-17.8113734497460 15.3169166698569 1 1
-17.7813015066315 15.3043999929775 1 1
-17.7510652246319 15.2918841385813 1 1
-17.7206650634364 15.2793690728674 1 1
-17.6901014827343 15.2668547620353 1 1
-17.6593749422145 15.2543411722843 1 1
-17.6284859015665 15.2418282698137 1 1
-17.5974348204793 15.2293160208229 1 1
-17.5662221586421 15.2168043915111 1 1
-17.5348483757442 15.2042933480776 1 1
-17.5033139314747 15.1917828567219 1 1
-17.4716192855228 15.1792728836432 1 1
-17.4397648975777 15.1667633950409 1 1
-17.4077512273285 15.1542543571142 1 1
-17.3755787344646 15.1417457360625 1 1
-17.3432478786750 15.1292374980852 1 1
-17.3107591196490 15.1167296093815 1 1
-17.2781129170757 15.1042220361507 1 1
-17.2453097306443 15.0917147445923 1 1
-17.2123500200441 15.0792077009055 1 1
-17.1792342449642 15.0667008712896 1 1
-17.1459628650937 15.0541942219440 1 1
-17.1125363401220 15.0416877190680 1 1
-17.0789551297381 15.0291813288609 1 1
-17.0452196936313 15.0166750175221 1 1
-17.0113304914908 15.0041687512508 1 1
-16.9772879830057 14.9916624962465 1 1
-16.9430926278652 14.9791562187083 1 1
-16.9087448857586 14.9666498848357 1 1
-16.8742452163749 14.9541434608279 1 1
-16.8395940794035 14.9416369128843 1 1
-16.8047919345334 14.9291302072043 1 1
-16.7698392414540 14.9166233099871 1 1
-16.7347364598543 14.9041161874320 1 1
-16.6994840494235 14.8916088057385 1 1
-16.6640824698509 14.8791011311057 1 1
-16.6285321808257 14.8665931297331 1 1
-16.5928336420369 14.8540847678199 1 1
-16.5569873131739 14.8415760115655 1 1
-16.5209936539258 14.8290668271693 1 1
-16.4848531239817 14.8165571808304 1 1
-16.4485661830310 14.8040470387484 1 1
-16.4121332907627 14.7915363671223 1 1
-16.3755549068661 14.7790251321518 1 1
-16.3388314910303 14.7665133000359 1 1
-16.3019635029445 14.7540008369741 1 1
-16.2649514022980 14.7414877091657 1 1
-16.2277956487799 14.7289738828099 1 1
-16.1904967020794 14.7164593241062 1 1
-16.1530550218857 14.7039439992539 1 1
-16.1154710678880 14.6914278744522 1 1
-16.0777452997754 14.6789109159005 1 1
-16.0398781772372 14.6663930897982 1 1
-16.0018701599626 14.6538743623445 1 1
-15.9637217076406 14.6413546997388 1 1
-15.9254332799607 14.6288340681803 1 1
-15.8870053366118 14.6163124338685 1 1
-15.8484383372832 14.6037897630027 1 1
-15.8097327416641 14.5912660217821 1 1
-15.7708890094438 14.5787411764061 1 1
-15.7319076003113 14.5662151930740 1 1
-15.6927889739558 14.5536880379852 1 1
-15.6535335900666 14.5411596773389 1 1
-15.6141419083328 14.5286300773345 1 1
-15.5746143884437 14.5160992041714 1 1
-15.5349514900884 14.5035670240487 1 1
-15.4951536729561 14.4910335031660 1 1
-15.4552213967360 14.4784986077224 1 1
-15.4151551211172 14.4659623039174 1 1
-15.3749553057891 14.4534245579502 1 1
-15.3346224104407 14.4408853360201 1 1
-15.2941568947613 14.4283446043266 1 1
-15.2535592184399 14.4158023290688 1 1
-15.2128298411660 14.4032584764462 1 1
-15.1719692226285 14.3907130126581 1 1
-15.1309778225168 14.3781659039037 1 1
-15.0898561005199 14.3656171163824 1 1
-15.0486045163272 14.3530666162936 1 1
-15.0072235296277 14.3405143698365 1 1
-14.9657136001107 14.3279603432106 1 1
-14.9240751874653 14.3154045026150 1 1
-14.8823087513808 14.3028468142491 1 1
-14.8404147515463 14.2902872443123 1 1
-14.7983936476510 14.2777257590039 1 1
-14.7562458993842 14.2651623245232 1 1
-14.7139719664349 14.2525969070695 1 1
-14.6715723084925 14.2400294728422 1 1
-14.6290473852460 14.2274599880405 1 1
-14.5863976563846 14.2148884188638 1 1
-14.5436235815977 14.2023147315115 1 1
-14.5007256205742 14.1897388921828 1 1
-14.4577042330036 14.1771608670771 1 1
-14.4145598785748 14.1645806223937 1 1
-14.3712930169771 14.1519981243319 1 1
-14.3279041078998 14.1394133390911 1 1
-14.2843936110319 14.1268262328705 1 1
-14.2407619860627 14.1142367718695 1 1
-14.1970096926814 14.1016449222874 1 1
-14.1531371905771 14.0890506503236 1 1
-14.1091449394391 14.0764539221774 1 1
-14.0650333989565 14.0638547040480 1 1
-14.0208030288185 14.0512529621349 1 1
-13.9764542887144 14.0386486626373 1 1
-13.9319876383333 14.0260417717546 1 1
-13.8874035373643 14.0134322556860 1 1
-13.8427024454967 14.0008200806310 1 1
-13.7978848224197 13.9882052127888 1 1
-13.7529511278225 13.9755876183588 1 1
-13.7079018213942 13.9629672635402 1 1
-13.6627373628240 13.9503441145325 1 1
-13.6174582118012 13.9377181375349 1 1
-13.5720648280149 13.9250892987468 1 1
-13.5265576711543 13.9124575643674 1 1
-13.4809372009086 13.8998229005962 1 1
-13.4352038769669 13.8871852736324 1 1
-13.3893581590186 13.8745446496753 1 1
-13.3434005067527 13.8619009949244 1 1
-13.2973313798584 13.8492542755788 1 1
-13.2511512380250 13.8366044578380 1 1
-13.2048605409416 13.8239515079012 1 1
-13.1584597482974 13.8112953919678 1 1
-13.1119493197817 13.7986360762371 1 1
-13.0653297150835 13.7859735269085 1 1
-13.0186013938921 13.7733077101812 1 1
-12.9717648158967 13.7606385922545 1 1
-12.9248204407865 13.7479661393279 1 1
-12.8777687282506 13.7352903176006 1 1
-12.8306101379782 13.7226110932719 1 1
-12.7833451296586 13.7099284325412 1 1
-12.7359741629808 13.6972423016078 1 1
-12.6884976976342 13.6845526666711 1 1
-12.6409161933079 13.6718594939303 1 1
-12.5932301096911 13.6591627495847 1 1
-12.5454399064730 13.6464623998338 1 1
-12.4975460433427 13.6337584108767 1 1
-12.4495489799894 13.6210507489129 1 1
-12.4014491761024 13.6083393801417 1 1
-12.3532470913709 13.5956242707624 1 1
-12.3049431854840 13.5829053869743 1 1
-12.2565379181308 13.5701826949767 1 1
-12.2080317490007 13.5574561609690 1 1
-12.1594251377827 13.5447257511505 1 1
-12.1107185441662 13.5319914317205 1 1
-12.0619124278402 13.5192531688783 1 1
-12.0130072484939 13.5065109288234 1 1
-11.9640034658166 13.4937646777548 1 1
-11.9149015394975 13.4810143818722 1 1
-11.8657019292256 13.4682600073746 1 1
-11.8164050946903 13.4555015204615 1 1
-11.7670114955806 13.4427388873322 1 1
-11.7175215915859 13.4299720741860 1 1
-11.6679358423952 13.4172010472222 1 1
-11.6182547076978 13.4044257726402 1 1
-11.5684786471828 13.3916462166393 1 1
-11.5186081205396 13.3788623454187 1 1
-11.4686435874571 13.3660741251779 1 1
-11.4185855076246 13.3532815221162 1 1
-11.3684343407314 13.3404845024328 1 1
-11.3181905464666 13.3276830323272 1 1
-11.2678545845193 13.3148770779985 1 1
-11.2174269145788 13.3020666056463 1 1
-11.1669079963344 13.2892515814697 1 1
-11.1162982894750 13.2764319716681 1 1
-11.0655982536900 13.2636077424408 1 1
-11.0148083486686 13.2507788599872 1 1
-10.9639290340999 13.2379452905065 1 1
-10.9129607696731 13.2251070001982 1 1
-10.8619040150773 13.2122639552615 1 1
-10.8107592300019 13.1994161218957 1 1
-10.7595268741360 13.1865634663002 1 1
-10.7082074071687 13.1737059546743 1 1
-10.6568012887893 13.1608435532173 1 1
-10.6053089786870 13.1479762281285 1 1
-10.5537309365509 13.1351039456073 1 1
-10.5020676220701 13.1222266718531 1 1
-10.4503194949341 13.1093443730650 1 1
-10.3984870148318 13.0964570154425 1 1
-10.3465706414525 13.0835645651848 1 1
-10.2945708344854 13.0706669884913 1 1
-10.2424880536197 13.0577642515614 1 1
-10.1903227585445 13.0448563205943 1 1
-10.1380754089491 13.0319431617893 1 1
-10.0857464645227 13.0190247413458 1 1
-10.0333363849543 13.0061010254632 1 1
-9.98084562993328 12.9931719803407 1 1
-9.92827465914877 12.9802375721776 1 1
-9.87562393228994 12.9672977671733 1 1
-9.82289390904599 12.9543525315272 1 1
-9.77008504910613 12.9414018314385 1 1
-9.71719781215954 12.9284456331065 1 1
-9.66423265789538 12.9154839027306 1 1
-9.61119004600286 12.9025166065101 1 1
-9.55807043617119 12.8895437106444 1 1
-9.50487428808953 12.8765651813327 1 1
-9.45160206144707 12.8635809847744 1 1
-9.39825421593301 12.8505910871688 1 1
-9.34483121123655 12.8375954547152 1 1
-9.29133350704686 12.8245940536130 1 1
-9.23776156305313 12.8115868500614 1 1
-9.18411583894454 12.7985738102599 1 1
-9.13039679441032 12.7855549004076 1 1
-9.07660488913962 12.7725300867041 1 1
-9.02274058282164 12.7594993353485 1 1
-8.96880433514556 12.7464626125402 1 1
-8.91479660580059 12.7334198844785 1 1
-8.86071785447592 12.7203711173628 1 1
-8.80656854086070 12.7073162773923 1 1
-8.75234912464415 12.6942553307664 1 1
-8.69806006551548 12.6811882436845 1 1
-8.64370182316385 12.6681149823458 1 1
-8.58927485727843 12.6550355129497 1 1
-8.53477962754844 12.6419498016954 1 1
-8.48021659366307 12.6288578147824 1 1
-8.42558621531151 12.6157595184099 1 1
-8.37088895218292 12.6026548787773 1 1
-8.31612526396652 12.5895438620839 1 1
-8.26129561035149 12.5764264345290 1 1
-8.20640045102701 12.5633025623120 1 1
-8.15144024568226 12.5501722116321 1 1
-8.09641545400647 12.5370353486887 1 1
-8.04132653568881 12.5238919396811 1 1
-7.98617395041844 12.5107419508086 1 1
-7.93095815788457 12.4975853482706 1 1
-7.87567961777641 12.4844220982664 1 1
-7.82033878978313 12.4712521669953 1 1
-7.76493613359391 12.4580755206566 1 1
-7.70947210889794 12.4448921254497 1 1
-7.65394717538444 12.4317019475739 1 1
-7.59836179274257 12.4185049532284 1 1
-7.54271642066152 12.4053011086128 1 1
-7.48701151883047 12.3920903799261 1 1
-7.43124754693865 12.3788727333679 1 1
-7.37542496467522 12.3656481351373 1 1
-7.31954423172936 12.3524165514338 1 1
-7.26360580779027 12.3391779484566 1 1
-7.20761015254716 12.3259322924051 1 1
-7.15155772568919 12.3126795494786 1 1
-7.09544898690555 12.2994196858765 1 1
-7.03928439588543 12.2861526677980 1 1
-6.98306441231805 12.2728784614424 1 1
-6.92678949589257 12.2595970330092 1 1
-6.87046010629817 12.2463083486976 1 1
-6.81407670322406 12.2330123747069 1 1
-6.75763974635943 12.2197090772365 1 1
-6.70114969539347 12.2063984224857 1 1
-6.64460701001534 12.1930803766538 1 1
-6.58801214991425 12.1797549059402 1 1
-6.53136557477941 12.1664219765441 1 1
-6.47466774429998 12.1530815546650 1 1
-6.41791911816515 12.1397336065020 1 1
-6.36112015606411 12.1263780982546 1 1
-6.30427131768607 12.1130149961221 1 1
-6.24737306272021 12.0996442663037 1 1
-6.19042585085569 12.0862658749989 1 1
-6.13343014178173 12.0728797884069 1 1
-6.07638639518753 12.0594859727270 1 1
-6.01929507076226 12.0460843941587 1 1
-5.96215662819509 12.0326750189012 1 1
-5.90497152717522 12.0192578131538 1 1
-5.84774022739188 12.0058327431158 1 1
-5.79046318853422 11.9923997749867 1 1
-5.73314087029142 11.9789588749657 1 1
-5.67577373235270 11.9655100092521 1 1
-5.61836223440724 11.9520531440452 1 1
-5.56090683614421 11.9385882455445 1 1
-5.50340799725280 11.9251152799491 1 1
-5.44586617742224 11.9116342134585 1 1
-5.38828183634168 11.8981450122719 1 1
-5.33065543370031 11.8846476425887 1 1
-5.27298742918732 11.8711420706083 1 1
-5.21527828249194 11.8576282625298 1 1
-5.15752845330332 11.8441061845527 1 1
-5.09973840131063 11.8305758028763 1 1
-5.04190858620310 11.8170370836999 1 1
-4.98403946766991 11.8034899932228 1 1
-4.92613150540025 11.7899344976443 1 1
-4.86818515908328 11.7763705631639 1 1
-4.81020088840821 11.7627981559807 1 1
-4.75217915306425 11.7492172422942 1 1
-4.69412041274057 11.7356277883036 1 1
-4.63602512712635 11.7220297602082 1 1
-4.57789375591078 11.7084231242075 1 1
-4.51972675878307 11.6948078465007 1 1
-4.46152459543240 11.6811838932872 1 1
-4.40328772554794 11.6675512307662 1 1
-4.34501660881889 11.6539098251371 1 1
-4.28671170493446 11.6402596425992 1 1
-4.22837347358383 11.6266006493519 1 1
-4.17000237445615 11.6129328115944 1 1
-4.11159886724065 11.5992560955261 1 1
-4.05316341162652 11.5855704673464 1 1
-3.99469646730295 11.5718758932544 1 1
-3.93619849395909 11.5581723394497 1 1
-3.87766995128416 11.5444597721314 1 1
-3.81911129896736 11.5307381574990 1 1
-3.76052299669787 11.5170074617517 1 1
-3.70190550416485 11.5032676510888 1 1
-3.64325928105752 11.4895186917097 1 1
-3.58458478706508 11.4757605498138 1 1
-3.52588248187669 11.4619931916003 1 1
-3.46715282518154 11.4482165832685 1 1
-3.40839627666883 11.4344306910178 1 1
-3.34961329602777 11.4206354810475 1 1
-3.29080434294752 11.4068309195570 1 1
-3.23196987711726 11.3930169727455 1 1
-3.17311035822620 11.3791936068124 1 1
-3.11422624596353 11.3653607879570 1 1
-3.05531800001845 11.3515184823786 1 1
-2.99638608008010 11.3376666562766 1 1
-2.93743094583771 11.3238052758503 1 1
-2.87845305698050 11.3099343072990 1 1
-2.81945287319758 11.2960537168220 1 1
-2.76043085417817 11.2821634706186 1 1
-2.70138745961150 11.2682635348882 1 1
-2.64232314918672 11.2543538758301 1 1
-2.58323838259301 11.2404344596437 1 1
-2.52413361951957 11.2265052525282 1 1
-2.46500931965562 11.2125662206829 1 1
-2.40586594269032 11.1986173303073 1 1
-2.34670394831285 11.1846585476006 1 1
-2.28752379621240 11.1706898387621 1 1
-2.22832594607820 11.1567111699912 1 1
-2.16911085759940 11.1427225074872 1 1
-2.10987899046519 11.1287238174494 1 1
-2.05063080436477 11.1147150660772 1 1
-1.99136675898733 11.1006962195698 1 1
-1.93208731402207 11.0866672441266 1 1
-1.87279292915814 11.0726281059469 1 1
-1.81348406408476 11.0585787712301 1 1
-1.75416117849112 11.0445192061754 1 1
-1.69482473206641 11.0304493769822 1 1
-1.63547518449979 11.0163692498499 1 1
-1.57611299548048 11.0022787909777 1 1
-1.51673862469767 10.9881779665649 1 1
-1.45735253184054 10.9740667428109 1 1
-1.39795517659826 10.9599450859151 1 1
-1.33854701866003 10.9458129620766 1 1
-1.27912851771507 10.9316703374949 1 1
-1.21970013345255 10.9175171783694 1 1
-1.16026232556163 10.9033534508992 1 1
-1.10081555373152 10.8891791212837 1 1
-1.04136027765144 10.8749941557223 1 1
-0.981896957010541 10.8607985204143 1 1
-0.922426051498007 10.8465921815590 1 1
-0.862948020803046 10.8323751053557 1 1
-0.803463324614860 10.8181472580038 1 1
-0.743972422622615 10.8039086057026 1 1
-0.684475774515498 10.7896591146513 1 1
-0.624973839982701 10.7753987510494 1 1
-0.565467078713439 10.7611274810962 1 1
-0.505955950396881 10.7468452709909 1 1
-0.446440914722196 10.7325520869329 1 1
-0.386922431378594 10.7182478951215 1 1
-0.327400960055282 10.7039326617561 1 1
-0.267876960441431 10.6896063530360 1 1
-0.208350892226207 10.6752689351604 1 1
-0.148823215098826 10.6609203743288 1 1
-0.0892943887484883 10.6465606367405 1 1
-0.0297648728643622 10.6321896885947 1 1
0.0297648728643694 10.6178074960907 1 1
0.0892943887484883 10.6034140254281 1 1
0.148823215098830 10.5890092428059 1 1
0.208350892226211 10.5745931144236 1 1
0.267876960441434 10.5601656064805 1 1
0.327400960055289 10.5457266851760 1 1
0.386922431378597 10.5312763167092 1 1
0.446440914722199 10.5168144672797 1 1
0.505955950396881 10.5023411030866 1 1
0.565467078713443 10.4878561903293 1 1
0.624973839982708 10.4733596952072 1 1
0.684475774515502 10.4588515839195 1 1
0.743972422622623 10.4443318226657 1 1
0.803463324614860 10.4298003776449 1 1
0.862948020803049 10.4152572150566 1 1
0.922426051498011 10.4007023011000 1 1
0.981896957010545 10.3861356019745 1 1
1.04136027765144 10.3715570838795 1 1
1.10081555373153 10.3569667130141 1 1
1.16026232556163 10.3423644555778 1 1
1.21970013345255 10.3277502777699 1 1
1.27912851771508 10.3131241457897 1 1
1.33854701866004 10.2984860258366 1 1
1.39795517659826 10.2838358841097 1 1
1.45735253184054 10.2691736868086 1 1
1.51673862469767 10.2544994001325 1 1
1.57611299548048 10.2398129902807 1 1
1.63547518449980 10.2251144234525 1 1
1.69482473206642 10.2104036658473 1 1
1.75416117849113 10.1956806836644 1 1
1.81348406408476 10.1809454431032 1 1
1.87279292915814 10.1661979103629 1 1
1.93208731402207 10.1514380516429 1 1
1.99136675898734 10.1366658331424 1 1
2.05063080436477 10.1218812210609 1 1
2.10987899046519 10.1070841815976 1 1
2.16911085759941 10.0922746809519 1 1
2.22832594607820 10.0774526853232 1 1
2.28752379621241 10.0626181609106 1 1
2.34670394831285 10.0477710739135 1 1
2.40586594269033 10.0329113905314 1 1
2.46500931965563 10.0180390769634 1 1
2.52413361951958 10.0031540994089 1 1
2.58323838259301 9.98825642406731 1 1
2.64232314918672 9.97334601713786 1 1
2.70138745961150 9.95842284481990 1 1
2.76043085417818 9.94348687331275 1 1
2.81945287319758 9.92853806881574 1 1
2.87845305698050 9.91357639752819 1 1
2.93743094583772 9.89860182564943 1 1
2.99638608008010 9.88361431937878 1 1
3.05531800001845 9.86861384491557 1 1
3.11422624596354 9.85360036845911 1 1
3.17311035822620 9.83857385620875 1 1
3.23196987711727 9.82353427436378 1 1
3.29080434294752 9.80848158912355 1 1
3.34961329602777 9.79341576668738 1 1
3.40839627666883 9.77833677325460 1 1
3.46715282518155 9.76324457502451 1 1
3.52588248187670 9.74813913819646 1 1
3.58458478706508 9.73302042896976 1 1
3.64325928105752 9.71788841354374 1 1
3.70190550416486 9.70274305811773 1 1
3.76052299669787 9.68758432889104 1 1
3.81911129896737 9.67241219206300 1 1
3.87766995128416 9.65722661383294 1 1
3.93619849395909 9.64202756040018 1 1
3.99469646730295 9.62681499796405 1 1
4.05316341162653 9.61158889272386 1 1
4.11159886724066 9.59634921087896 1 1
4.17000237445615 9.58109591862864 1 1
4.22837347358383 9.56582898217225 1 1
4.28671170493447 9.55054836770911 1 1
4.34501660881889 9.53525404143854 1 1
4.40328772554794 9.51994596955986 1 1
4.46152459543240 9.50462411827240 1 1
4.51972675878308 9.48928845377548 1 1
4.57789375591078 9.47393894226844 1 1
4.63602512712635 9.45857554995058 1 1
4.69412041274058 9.44319824302125 1 1
4.75217915306426 9.42780698767975 1 1
4.81020088840822 9.41240175012543 1 1
4.86818515908328 9.39698249655759 1 1
4.92613150540025 9.38154919317556 1 1
4.98403946766991 9.36610180617867 1 1
5.04190858620310 9.35064030176626 1 1
5.09973840131064 9.33516464613762 1 1
5.15752845330332 9.31967480549209 1 1
5.21527828249194 9.30417074602901 1 1
5.27298742918733 9.28865243394768 1 1
5.33065543370031 9.27311983544743 1 1
5.38828183634168 9.25757291672760 1 1
5.44586617742224 9.24201164398750 1 1
5.50340799725280 9.22643598342646 1 1
5.56090683614421 9.21084590124379 1 1
5.61836223440725 9.19524136363884 1 1
5.67577373235271 9.17962233681092 1 1
5.73314087029143 9.16398878695935 1 1
5.79046318853423 9.14834068028346 1 1
5.84774022739189 9.13267798298257 1 1
5.90497152717523 9.11700066125602 1 1
5.96215662819509 9.10130868130311 1 1
6.01929507076226 9.08560200932318 1 1
6.07638639518753 9.06988061151555 1 1
6.13343014178173 9.05414445407955 1 1
6.19042585085570 9.03839350321449 1 1
6.24737306272021 9.02262772511971 1 1
6.30427131768607 9.00684708599453 1 1
6.36112015606411 8.99105155203828 1 1
6.41791911816515 8.97524108945026 1 1
6.47466774429998 8.95941566442982 1 1
6.53136557477941 8.94357524317628 1 1
6.58801214991425 8.92771979188896 1 1
6.64460701001534 8.91184927676718 1 1
6.70114969539347 8.89596366401026 1 1
6.75763974635943 8.88006291981754 1 1
6.81407670322406 8.86414701038835 1 1
6.87046010629818 8.84821590192198 1 1
6.92678949589257 8.83226956061779 1 1
6.98306441231805 8.81630795267509 1 1
7.03928439588544 8.80033104429320 1 1
7.09544898690555 8.78433880167145 1 1
7.15155772568919 8.76833119100916 1 1
7.20761015254716 8.75230817850566 1 1
7.26360580779027 8.73626973036028 1 1
7.31954423172937 8.72021581277233 1 1
7.37542496467523 8.70414639194113 1 1
7.43124754693866 8.68806143406603 1 1
7.48701151883048 8.67196090534634 1 1
7.54271642066152 8.65584477198137 1 1
7.59836179274258 8.63971300017047 1 1
7.65394717538444 8.62356555611295 1 1
7.70947210889795 8.60740240600813 1 1
7.76493613359391 8.59122351605535 1 1
7.82033878978314 8.57502885245392 1 1
7.87567961777642 8.55881838140317 1 1
7.93095815788457 8.54259206910243 1 1
7.98617395041844 8.52634988175101 1 1
8.04132653568881 8.51009178554824 1 1
8.09641545400648 8.49381774669346 1 1
8.15144024568227 8.47752773138597 1 1
8.20640045102701 8.46122170582511 1 1
8.26129561035150 8.44489963621020 1 1
8.31612526396652 8.42856148874056 1 1
8.37088895218292 8.41220722961553 1 1
8.42558621531151 8.39583682503441 1 1
8.48021659366307 8.37945024119655 1 1
8.53477962754844 8.36304744430125 1 1
8.58927485727843 8.34662840054785 1 1
8.64370182316385 8.33019307613567 1 1
8.69806006551548 8.31374143726404 1 1
8.75234912464416 8.29727345013227 1 1
8.80656854086071 8.28078908093970 1 1
8.86071785447592 8.26428829588564 1 1
8.91479660580060 8.24777106116943 1 1
8.96880433514556 8.23123734299039 1 1
9.02274058282164 8.21468710754783 1 1
9.07660488913962 8.19812032104108 1 1
9.13039679441032 8.18153694966948 1 1
9.18411583894455 8.16493695963235 1 1
9.23776156305313 8.14832031712900 1 1
9.29133350704686 8.13168698835876 1 1
9.34483121123655 8.11503693952096 1 1
9.39825421593302 8.09837013681492 1 1
9.45160206144707 8.08168654643996 1 1
9.50487428808954 8.06498613459541 1 1
9.55807043617119 8.04826886748061 1 1
9.61119004600286 8.03153471129485 1 1
9.66423265789538 8.01478363223748 1 1
9.71719781215954 7.99801559650781 1 1
9.77008504910613 7.98123057030518 1 1
9.82289390904599 7.96442851982891 1 1
9.87562393228994 7.94760941127831 1 1
9.92827465914877 7.93077321085271 1 1
9.98084562993329 7.91391988475145 1 1
10.0333363849543 7.89704939917385 1 1
10.0857464645227 7.88016172031921 1 1
10.1380754089491 7.86325681438687 1 1
10.1903227585445 7.84633464757617 1 1
10.2424880536197 7.82939518608642 1 1
10.2945708344854 7.81243839611693 1 1
10.3465706414525 7.79546424386705 1 1
10.3984870148318 7.77847269553609 1 1
10.4503194949341 7.76146371732338 1 1
10.5020676220702 7.74443727542824 1 1
10.5537309365509 7.72739333604999 1 1
10.6053089786870 7.71033186538797 1 1
10.6568012887893 7.69325282964150 1 1
10.7082074071687 7.67615619500989 1 1
10.7595268741360 7.65904192769247 1 1
10.8107592300019 7.64190999388857 1 1
10.8619040150773 7.62476035979752 1 1
10.9129607696731 7.60759299161863 1 1
10.9639290340999 7.59040785555123 1 1
11.0148083486686 7.57320491779465 1 1
11.0655982536900 7.55598414454821 1 1
11.1162982894750 7.53874550201123 1 1
11.1669079963344 7.52148895638304 1 1
11.2174269145789 7.50421447386297 1 1
11.2678545845193 7.48692202065033 1 1
11.3181905464666 7.46961156294444 1 1
11.3684343407314 7.45228306694465 1 1
11.4185855076246 7.43493649885027 1 1
11.4686435874571 7.41757182486062 1 1
11.5186081205396 7.40018901117503 1 1
11.5684786471829 7.38278802399282 1 1
11.6182547076978 7.36536882951332 1 1
11.6679358423952 7.34793139393585 1 1
11.7175215915859 7.33047568345973 1 1
11.7670114955806 7.31300166428430 1 1
11.8164050946903 7.29550930260888 1 1
11.8657019292256 7.27799856463278 1 1
11.9149015394975 7.26046941655533 1 1
11.9640034658166 7.24292182457586 1 1
12.0130072484939 7.22535575489370 1 1
12.0619124278402 7.20777117370815 1 1
12.1107185441662 7.19016804721856 1 1
12.1594251377827 7.17254634162425 1 1
12.2080317490007 7.15490602312454 1 1
12.2565379181308 7.13724705791874 1 1
12.3049431854840 7.11956941220619 1 1
12.3532470913709 7.10187305218622 1 1
12.4014491761025 7.08415794405815 1 1
12.4495489799894 7.06642405402129 1 1
12.4975460433427 7.04867134827498 1 1
12.5454399064730 7.03089979301855 1 1
12.5932301096911 7.01310935445130 1 1
12.6409161933079 6.99529999877257 1 1
12.6884976976342 6.97747169218168 1 1
12.7359741629809 6.95962440087797 1 1
12.7833451296586 6.94175809106075 1 1
12.8306101379782 6.92387272892933 1 1
12.8777687282506 6.90596828068306 1 1
12.9248204407865 6.88804471252125 1 1
12.9717648158967 6.87010199064324 1 1
13.0186013938921 6.85214008124833 1 1
13.0653297150835 6.83415895053586 1 1
13.1119493197817 6.81615856470515 1 1
13.1584597482974 6.79813888995554 1 1
13.2048605409416 6.78009989248632 1 1
13.2511512380250 6.76204153849684 1 1
13.2973313798584 6.74396379418643 1 1
13.3434005067527 6.72586662575440 1 1
13.3893581590186 6.70774999940007 1 1
13.4352038769669 6.68961388132278 1 1
13.4809372009086 6.67145823772184 1 1
13.5265576711543 6.65328303479658 1 1
13.5720648280149 6.63508823874632 1 1
13.6174582118012 6.61687381577040 1 1
13.6627373628241 6.59863973206814 1 1
13.7079018213942 6.58038595383884 1 1
13.7529511278225 6.56211244728185 1 1
13.7978848224197 6.54381917859649 1 1
13.8427024454967 6.52550611398208 1 1
13.8874035373643 6.50717321963794 1 1
13.9319876383333 6.48882046176340 1 1
13.9764542887144 6.47044780655779 1 1
14.0208030288185 6.45205522022043 1 1
14.0650333989565 6.43364266895063 1 1
14.1091449394391 6.41521011894773 1 1
14.1531371905771 6.39675753641106 1 1
14.1970096926814 6.37828488753993 1 1
14.2407619860627 6.35979213853367 1 1
14.2843936110319 6.34127925559160 1 1
14.3279041078998 6.32274620491306 1 1
14.3712930169771 6.30419295269736 1 1
14.4145598785748 6.28561946514382 1 1
14.4577042330036 6.26702570845177 1 1
14.5007256205742 6.24841164882055 1 1
14.5436235815977 6.22977725244946 1 1
14.5863976563846 6.21112248553783 1 1
14.6290473852460 6.19244731428499 1 1
14.6715723084925 6.17375170489028 1 1
14.7139719664349 6.15503562355299 1 1
14.7562458993842 6.13629903647247 1 1
14.7983936476510 6.11754190984803 1 1
14.8404147515463 6.09876420987901 1 1
14.8823087513808 6.07996590276472 1 1
14.9240751874653 6.06114695470448 1 1
14.9657136001107 6.04230733189763 1 1
15.0072235296277 6.02344700054350 1 1
15.0486045163272 6.00456592684139 1 1
15.0898561005199 5.98566407699063 1 1
15.1309778225168 5.96674141719056 1 1
15.1719692226285 5.94779791364050 1 1
15.2128298411660 5.92883353253977 1 1
15.2535592184399 5.90984824008768 1 1
15.2941568947613 5.89084200248357 1 1
15.3346224104407 5.87181478592678 1 1
15.3749553057891 5.85276655661660 1 1
15.4151551211172 5.83369728075238 1 1
15.4552213967360 5.81460692453343 1 1
15.4951536729561 5.79549545415908 1 1
15.5349514900884 5.77636283582866 1 1
15.5746143884437 5.75720903574149 1 1
15.6141419083328 5.73803402009689 1 1
15.6535335900666 5.71883775509419 1 1
15.6927889739558 5.69962020693270 1 1
15.7319076003113 5.68038134181176 1 1
15.7708890094438 5.66112112593069 1 1
15.8097327416642 5.64183952548882 1 1
15.8484383372832 5.62253650668547 1 1
15.8870053366118 5.60321203571995 1 1
15.9254332799607 5.58386607879161 1 1
15.9637217076406 5.56449860209976 1 1
16.0018701599626 5.54510957184373 1 1
16.0398781772372 5.52569895422283 1 1
16.0777452997754 5.50626671543640 1 1
16.1154710678880 5.48681282168376 1 1
16.1530550218857 5.46733723916423 1 1
16.1904967020794 5.44783993407714 1 1
16.2277956487799 5.42832087262182 1 1
16.2649514022980 5.40878002099758 1 1
16.3019635029445 5.38921734540375 1 1
16.3388314910303 5.36963281203965 1 1
16.3755549068661 5.35002638710462 1 1
16.4121332907627 5.33039803679797 1 1
16.4485661830310 5.31074772731903 1 1
16.4848531239817 5.29107542486711 1 1
16.5209936539258 5.27138109564156 1 1
16.5569873131739 5.25166470584169 1 1
16.5928336420369 5.23192622166683 1 1
16.6285321808257 5.21216560931629 1 1
16.6640824698509 5.19238283498941 1 1
16.6994840494235 5.17257786488550 1 1
16.7347364598543 5.15275066520390 1 1
16.7698392414540 5.13290120214392 1 1
16.8047919345334 5.11302944190490 1 1
16.8395940794035 5.09313535068616 1 1
16.8742452163749 5.07321889468701 1 1
16.9087448857586 5.05328004010679 1 1
16.9430926278652 5.03331875314482 1 1
16.9772879830057 5.01333500000042 1 1
17.0113304914908 4.99332874687292 1 1
17.0452196936313 4.97329995996164 1 1
17.0789551297381 4.95324860546590 1 1
17.1125363401220 4.93317464958504 1 1
17.1459628650937 4.91307805851837 1 1
17.1792342449642 4.89295879846522 1 1
17.2123500200441 4.87281683562491 1 1
17.2453097306443 4.85265213619678 1 1
17.2781129170757 4.83246466638013 1 1
17.3107591196490 4.81225439237430 1 1
17.3432478786750 4.79202128037861 1 1
17.3755787344646 4.77176529659239 1 1
17.4077512273285 4.75148640721495 1 1
17.4397648975777 4.73118457844563 1 1
17.4716192855228 4.71085977648375 1 1
17.5033139314747 4.69051196752863 1 1
17.5348483757442 4.67014111777960 1 1
17.5662221586421 4.64974719343598 1 1
17.5974348204793 4.62933016069709 1 1
17.6284859015665 4.60888998576227 1 1
17.6593749422145 4.58842663483082 1 1
17.6901014827343 4.56794007410209 1 1
17.7206650634364 4.54743026977539 1 1
17.7510652246319 4.52689718805005 1 1
17.7813015066315 4.50634079512538 1 1
17.8113734497460 4.48576105720073 1 1
17.8412805942861 4.46515794047540 1 1
17.8710224805629 4.44453141114873 1 1
17.9005986488869 4.42388143542004 1 1
17.9300086395691 4.40320797948865 1 1
17.9592519929203 4.38251100955389 1 1
17.9883282492512 4.36179049181508 1 1
18.0172369488728 4.34104639247154 1 1
18.0459776320957 4.32027867772261 1 1
18.0745498392308 4.29948731376761 1 1
18.1029531105889 4.27867226680584 1 1
18.1311869864809 4.25783350303666 1 1
18.1592510072175 4.23697098865937 1 1
18.1871447131095 4.21608468987331 1 1
18.2148676444678 4.19517457287778 1 1
18.2424193416032 4.17424060387214 1 1
18.2697993448265 4.15328274905568 1 1
18.2970071944484 4.13230097462775 1 1
18.3240424307799 4.11129524678766 1 1
18.3509045941316 4.09026553173474 1 1
18.3775932248145 4.06921179566831 1 1
18.4041078631393 4.04813400478770 1 1
18.4304480494169 4.02703212529222 1 1
18.4566133239580 4.00590612338122 1 1
18.4826032270735 3.98475596525400 1 1
18.5084172990742 3.96358161710990 1 1
18.5340550802709 3.94238304514824 1 1
18.5595161109743 3.92116021556834 1 1
18.5847999314954 3.89991309456952 1 1
18.6099060821449 3.87864164835112 1 1
18.6348341032336 3.85734584311245 1 1
18.6595835350724 3.83602564505285 1 1
18.6841539179720 3.81468102037163 1 1
18.7085447922433 3.79331193526812 1 1
18.7327556981971 3.77191835594163 1 1
18.7567861761442 3.75050024859152 1 1
18.7806357663954 3.72905757941707 1 1
18.8043040092614 3.70759031461764 1 1
18.8277904450532 3.68609842039253 1 1
18.8510946140815 3.66458186294109 1 1
18.8742160566572 3.64304060846262 1 1
18.8971543130910 3.62147462315645 1 1
18.9199089236938 3.59988387322191 1 1
18.9424794287764 3.57826832485833 1 1
18.9648653686496 3.55662794426502 1 1
18.9870662836241 3.53496269764131 1 1
19.0090817140109 3.51327255118652 1 1
19.0309112001206 3.49155747109999 1 1
19.0525542822643 3.46981742358103 1 1
19.0740105007525 3.44805237482897 1 1
19.0952793958962 3.42626229104313 1 1
19.1163605080062 3.40444713842284 1 1
19.1372533773932 3.38260688316741 1 1
19.1579575443681 3.36074149147619 1 1
19.1784725492418 3.33885092954848 1 1
19.1987979323249 3.31693516358362 1 1
19.2189332339283 3.29499415978093 1 1
19.2388779943629 3.27302788433973 1 1
19.2586317539394 3.25103630345934 1 1
19.2781940529687 3.22901938333910 1 1
19.2975644317615 3.20697709017833 1 1
19.3167424306287 3.18490939017634 1 1
19.3357275898811 3.16281624953247 1 1
19.3545194498295 3.14069763444603 1 1
19.3731175507847 3.11855351111636 1 1
19.3915214330575 3.09638384574278 1 1
19.4097306369587 3.07418860452461 1 1
19.4277447027991 3.05196775366117 1 1
19.4455631708897 3.02972125935180 1 1
19.4631855815410 3.00744908779581 1 1
19.4806114750641 2.98515120519253 1 1
19.4978403917696 2.96282757774128 1 1
19.5148718719684 2.94047817164140 1 1
19.5317054559713 2.91810295309219 1 1
19.5483406840892 2.89570188829299 1 1
19.5647770966327 2.87327494344312 1 1
19.5810142339128 2.85082208474190 1 1
19.5970516362403 2.82834327838867 1 1
19.6128888439259 2.80583849058274 1 1
19.6285253972804 2.78330768752343 1 1
19.6439608366148 2.76075083541008 1 1
19.6591947022397 2.73816790044201 1 1
19.6742265344661 2.71555884881854 1 1
19.6890558736046 2.69292364673899 1 1
19.7036822599662 2.67026226040269 1 1
19.7181052338616 2.64757465600897 1 1
19.7323243356017 2.62486079975715 1 1
19.7463391054972 2.60212065784654 1 1
19.7601490838590 2.57935419647649 1 1
19.7737538109979 2.55656138184630 1 1
19.7871528272246 2.53374218015532 1 1
19.8003456728501 2.51089655760285 1 1
19.8133318881850 2.48802448038823 1 1
19.8261110135403 2.46512591471077 1 1
19.8386825892267 2.44220082676981 1 1
19.8510461555551 2.41924918276466 1 1
19.8632012528362 2.39627094889467 1 1
19.8751474213809 2.37326609135913 1 1
19.8868842015000 2.35023457635738 1 1
19.8984111335042 2.32717637008875 1 1
19.9097277577045 2.30409143875256 1 1
19.9208336144115 2.28097974854813 1 1
19.9317282439362 2.25784126567479 1 1
19.9424111865893 2.23467595633186 1 1
19.9528819826816 2.21148378671867 1 1
19.9631401725240 2.18826472303455 1 1
19.9731852964273 2.16501873147880 1 1
19.9830168947023 2.14174577825076 1 1
19.9926345076597 2.11844582954976 1 1
20.0020376756104 2.09511885157512 1 1
20.0112259388652 2.07176481052615 1 1
20.0201988377350 2.04838367260220 1 1
20.0289559125305 2.02497540400257 1 1
20.0374967035625 2.00153997092661 1 1
20.0458207511419 1.97807733957362 1 1
20.0539275955794 1.95458747614293 1 1
20.0618167771859 1.93107034683387 1 1
20.0694878362722 1.90752591784577 1 1
20.0769403131491 1.88395415537794 1 1
20.0841737481274 1.86035502562972 1 1
20.0911876815179 1.83672849480042 1 1
20.0979816536315 1.81307452908937 1 1
20.1045552047788 1.78939309469590 1 1
20.1109078752709 1.76568415781932 1 1
20.1170392054184 1.74194768465897 1 1
20.1229487355321 1.71818364141417 1 1
20.1286360059230 1.69439199428423 1 1
20.1341005569017 1.67057270946849 1 1
20.1393419287791 1.64672575316627 1 1
20.1443596618661 1.62285109157691 1 1
20.1491532964734 1.59894869089970 1 1
20.1537223729118 1.57501851733399 1 1
20.1580664314922 1.55106053707910 1 1
20.1621850125253 1.52707471633435 1 1
20.1660776563220 1.50306102129906 1 1
20.1697439031931 1.47901941817257 1 1
20.1731832934494 1.45494987315419 1 1
20.1763953674016 1.43085235244326 1 1
20.1793796653607 1.40672682223908 1 1
20.1821357276374 1.38257324874100 1 1
20.1846630945426 1.35839159814832 1 1
20.1869613063870 1.33418183666039 1 1
20.1890299034814 1.30994393047651 1 1
20.1908684261367 1.28567784579602 1 1
20.1924764146637 1.26138354881824 1 1
20.1938534093732 1.23706100574249 1 1
20.1949989505760 1.21271018276810 1 1
20.1959125785829 1.18833104609440 1 1
20.1965938337048 1.16392356192070 1 1
20.1970422562523 1.13948769644633 1 1
20.1972573865364 1.11502341587062 1 1
20.1972387648679 1.09053068639289 1 1
20.1969859315575 1.06600947421246 1 1
20.1964984269161 1.04145974552867 1 1
20.1957757912545 1.01688146654083 1 1
20.1948175648835 0.992274603448255 1 1
20.1936232881139 0.967639122450293 1 1
20.1921925012565 0.942974989746250 1 1
20.1905247446222 0.918282171535464 1 1
20.1886195585217 0.893560634017246 1 1
20.1864764832658 0.868810343390934 1 1
20.1840950591655 0.844031265855838 1 1
20.1814748265314 0.819223367611298 1 1
20.1786153256743 0.794386614856622 1 1
20.1755160969052 0.769520973791150 1 1
20.1721766805348 0.744626410614192 1 1
20.1685966168739 0.719702891525086 1 1
20.1647754462334 0.694750382723141 1 1
20.1607127089239 0.669768850407698 1 1
20.1564079452565 0.644758260778066 1 1
20.1518606955418 0.619718580033583 1 1
20.1470705000906 0.594649774373560 1 1
20.1420368992139 0.569551809997336 1 1
20.1367594332224 0.544424653104219 1 1
20.1312376424268 0.519268269893550 1 1
20.1254710671381 0.494082626564636 1 1
20.1194592476670 0.468867689316820 1 1
20.1132017243243 0.443623424349408 1 1
20.1066980374209 0.418349797861740 1 1
20.0999477272676 0.393046776053128 1 1
20.0929503341751 0.367714325122908 1 1
20.0857053984543 0.342352411270390 1 1
20.0782124604161 0.316961000694914 1 1
20.0704710603711 0.291540059595790 1 1
20.0624807386302 0.266089554172357 1 1
20.0542410355043 0.240609450623922 1 1
20.0457514913041 0.215099715149828 1 1
20.0370116463404 0.189560313949381 1 1
20.0280210409241 0.163991213221924 1 1
20.0187792153660 0.138392379166763 1 1
20.0092857099768 0.112763777983238 1 1
19.9995400650675 0.0871053758706601 1 1
19.9895418209487 0.0614171390283671 1 1
19.9792905179314 0.0356990336556686 1 1
19.9687856963263 0.00995102595190378 1 1
19.9580268964442 -0.0158269178836177 1 1
19.9470136585960 -0.0416348316515567 1 1
19.9357455230925 -0.0674727491526035 1 1
19.9242220302444 -0.0933407041874199 1 1
19.9124427203626 -0.119238730556694 1 1
19.9004071337578 -0.145166862061090 1 1
19.8881148107410 -0.171125132501296 1 1
19.8755652916229 -0.197113575677974 1 1
19.8627581167143 -0.223132225391805 1 1
19.8496928263261 -0.249181115443475 1 1
19.8363689607690 -0.275260279633644 1 1
19.8227860603538 -0.301369751763001 1 1
19.8089436653915 -0.327509565632209 1 1
19.7948413161927 -0.353679755041956 1 1
19.7804785530682 -0.379880353792905 1 1
19.7658549163290 -0.406111395685746 1 1
19.7509699462858 -0.432372914521138 1 1
19.7358231832495 -0.458664944099774 1 1
19.7204141675307 -0.484987518222314 1 1
19.7047424394404 -0.511340670689449 1 1
19.6888075392894 -0.537724435301838 1 1
19.6726090073884 -0.564138845860174 1 1
19.6561463840483 -0.590583936165115 1 1
19.6394192095799 -0.617059740017353 1 1
19.6224270242940 -0.643566291217550 1 1
19.6051693685014 -0.670103623566395 1 1
19.5876457825129 -0.696671770864549 1 1
19.5698558066393 -0.723270766912703 1 1
19.5517989811915 -0.749900645511517 1 1
19.5334748464803 -0.776561440461683 1 1
19.5148829428164 -0.803253185563860 1 1
19.4960228105107 -0.829975914618740 1 1
19.4768939898739 -0.856729661426982 1 1
19.4574960212170 -0.883514459789279 1 1
19.4378284448507 -0.910330343506291 1 1
19.4178908010858 -0.937177346378707 1 1
19.3976826302331 -0.964055502207189 1 1
19.3772034726034 -0.990964844792427 1 1
19.3564528685077 -1.01790540793508 1 1
19.3354303582565 -1.04487722543585 1 1
19.3141354821609 -1.07188033109538 1 1
19.2925677805315 -1.09891475871437 1 1
19.2707267936793 -1.12598054209348 1 1
19.2486120619149 -1.15307771503340 1 1
19.2262231255493 -1.18020631133479 1 1
19.2035595248931 -1.20736636479835 1 1
19.1806208002574 -1.23455790922472 1 1
19.1574064919527 -1.26178097841461 1 1
19.1339161402901 -1.28903560616868 1 1
19.1101492855802 -1.31632182628760 1 1
19.0861054681339 -1.34363967257206 1 1
19.0617842282619 -1.37098917882273 1 1
19.0371851062752 -1.39837037884027 1 1
19.0123076424845 -1.42578330642538 1 1
18.9871513772007 -1.45322799537872 1 1
18.9617158507344 -1.48070447950098 1 1
18.9360006033966 -1.50821279259282 1 1
18.9100051754981 -1.53575296845492 1 1
18.8837291073497 -1.56332504088797 1 1
18.8571719392621 -1.59092904369262 1 1
18.8303332115462 -1.61856501066957 1 1
18.8032124645128 -1.64623297561947 1 1
18.7758092384728 -1.67393297234303 1 1
18.7481230737368 -1.70166503464089 1 1
18.7201535106158 -1.72942919631375 1 1
18.6919000894206 -1.75722549116227 1 1
18.6633623504618 -1.78505395298715 1 1
18.6345398340505 -1.81291461558903 1 1
18.6054320804974 -1.84080751276862 1 1
18.5760386301132 -1.86873267832657 1 1
18.5463590232088 -1.89669014606357 1 1
18.5163928000951 -1.92467994978029 1 1
18.4861395010828 -1.95270212327741 1 1
18.4555986664827 -1.98075670035560 1 1
18.4247698366056 -2.00884371481554 1 1
18.3936525517624 -2.03696320045790 1 1
18.3622463522639 -2.06511519108337 1 1
18.3305507784209 -2.09329972049261 1 1
18.2985653705441 -2.12151682248630 1 1
18.2662896689445 -2.14976653086512 1 1
18.2337232139327 -2.17804887942974 1 1
18.2008655458197 -2.20636390198084 1 1
18.1677162049162 -2.23471163231909 1 1
18.1342747315330 -2.26309210424517 1 1
18.1005406659810 -2.29150535155977 1 1
18.0665135485710 -2.31995140806353 1 1
18.0321929196138 -2.34843030755716 1 1
17.9975783194201 -2.37694208384131 1 1
17.9626692883008 -2.40548677071669 1 1
17.9274653665668 -2.43406440198393 1 1
17.8919660945287 -2.46267501144374 1 1
17.8561710124975 -2.49131863289678 1 1
17.8200796607839 -2.51999530014374 1 1
17.7836915796988 -2.54870504698528 1 1
17.7470063095530 -2.57744790722209 1 1
17.7100233906572 -2.60622391465482 1 1
17.6727423633223 -2.63503310308418 1 1
17.6351627678591 -2.66387550631082 1 1
17.5972841445784 -2.69275115813543 1 1
17.5591060337910 -2.72166009235867 1 1
17.5206279758078 -2.75060234278124 1 1
17.4818495109395 -2.77957794320379 1 1
17.4427701794969 -2.80858692742702 1 1
17.4033895217910 -2.83762932925158 1 1
17.3637070781323 -2.86670518247817 1 1
17.3237223888319 -2.89581452090745 1 1
17.2834349942005 -2.92495737834009 1 1
17.2428444345489 -2.95413378857679 1 1
17.2019502501878 -2.98334378541820 1 1
17.1607519814282 -3.01258740266502 1 1
17.1192491685809 -3.04186467411790 1 1
17.0774413519566 -3.07117563357754 1 1
17.0353280718662 -3.10052031484459 1 1
16.9929088686204 -3.12989875171975 1 1
16.9501832825301 -3.15931097800368 1 1
16.9071508539061 -3.18875702749707 1 1
16.8638111230592 -3.21823693400058 1 1
16.8201636303002 -3.24775073131489 1 1
16.7762079159400 -3.27729845324068 1 1
16.7319435202893 -3.30688013357863 1 1
16.6873699836589 -3.33649580612940 1 1
16.6424868463597 -3.36614550469368 1 1
16.5972936487025 -3.39582926307214 1 1
16.5517899309980 -3.42554711506546 1 1
16.5059752335572 -3.45529909447430 1 1
16.4598490966907 -3.48508523509936 1 1
16.4134110607094 -3.51490557074129 1 1
16.3666606659242 -3.54476013520079 1 1
16.3195974526458 -3.57464896227852 1 1
16.2722209611851 -3.60457208577517 1 1
16.2245307318528 -3.63452953949140 1 1
16.1765263049598 -3.66452135722789 1 1
16.1282072208168 -3.69454757278531 1 1
16.0795730197348 -3.72460821996436 1 1
16.0306232420244 -3.75470333256568 1 1
15.9813574279966 -3.78483294438998 1 1
15.9317751179621 -3.81499708923791 1 1
15.8818758522317 -3.84519580091017 1 1
15.8316591711163 -3.87542911320740 1 1
15.7811246149266 -3.90569705993032 1 1
15.7302717239734 -3.93599967487956 1 1
15.6791000385677 -3.96633699185584 1 1
15.6276090990202 -3.99670904465979 1 1
15.5757984456416 -4.02711586709213 1 1
15.5236676187429 -4.05755749295350 1 1
15.4712161586347 -4.08803395604461 1 1
15.4184436056280 -4.11854529016610 1 1
15.3653495000336 -4.14909152911867 1 1
15.3119333821622 -4.17967270670298 1 1
15.2581947923247 -4.21028885671973 1 1
15.2041332708318 -4.24094001296956 1 1
15.1497483579944 -4.27162620925318 1 1
15.0950395941234 -4.30234747937124 1 1
15.0400065195294 -4.33310385712444 1 1
14.9846486745234 -4.36389537631342 1 1
14.9289655994161 -4.39472207073889 1 1
14.8729568345183 -4.42558397420152 1 1
14.8166219201409 -4.45648112050197 1 1
14.7599603965946 -4.48741354344093 1 1
14.7029718041903 -4.51838127681906 1 1
14.6456556832388 -4.54938435443706 1 1
14.5880115740509 -4.58042281009558 1 1
14.5300390169374 -4.61149667759532 1 1
14.4717375522091 -4.64260599073693 1 1
14.4131067201769 -4.67375078332111 1 1
14.3541460611515 -4.70493108914852 1 1
14.2948551154437 -4.73614694201984 1 1
14.2352334233644 -4.76739837573574 1 1
14.1752805252243 -4.79868542409692 1 1
14.1149959613344 -4.83000812090401 1 1
14.0543792720053 -4.86136649995773 1 1
13.9934299975480 -4.89276059505873 1 1
13.9321476782732 -4.92419044000771 1 1
13.8705318544917 -4.95565606860531 1 1
13.8085820665143 -4.98715751465224 1 1
13.7462978546519 -5.01869481194915 1 1
13.6836787592152 -5.05026799429674 1 1
13.6207243205151 -5.08187709549565 1 1
13.5574340788624 -5.11352214934660 1 1
13.4938075745679 -5.14520318965023 1 1
13.4298443479424 -5.17692025020724 1 1
13.3655439392967 -5.20867336481829 1 1
13.3009058889416 -5.24046256728406 1 1
13.2359297371880 -5.27228789140522 1 1
13.1706150243466 -5.30414937098247 1 1
13.1049612907282 -5.33604703981645 1 1
13.0389680766438 -5.36798093170786 1 1
12.9726349224040 -5.39995108045737 1 1
12.9059613683197 -5.43195751986566 1 1
12.8389469547017 -5.46400028373339 1 1
12.7715912218608 -5.49607940586125 1 1
12.7038937101079 -5.52819492004991 1 1
12.6358539597536 -5.56034686010005 1 1
12.5674715111090 -5.59253525981234 1 1
12.4987459044846 -5.62476015298747 1 1
12.4296766801915 -5.65702157342608 1 1
12.3602633785403 -5.68931955492890 1 1
12.2905055398419 -5.72165413129655 1 1
12.2204027044071 -5.75402533632975 1 1
12.1499544125468 -5.78643320382914 1 1
12.0791602045716 -5.81887776759543 1 1
12.0080196207925 -5.85135906142927 1 1
11.9365322015202 -5.88387711913135 1 1
11.8646974870656 -5.91643197450233 1 1
11.7925150177394 -5.94902366134289 1 1
11.7199843338525 -5.98165221345373 1 1
11.6471049757157 -6.01431766463549 1 1
11.5738764836398 -6.04702004868887 1 1
11.5002983979356 -6.07975939941454 1 1
11.4263702589140 -6.11253575061317 1 1
11.3520916068856 -6.14534913608544 1 1
11.2774619821614 -6.17819958963203 1 1
11.2024809250522 -6.21108714505360 1 1
11.1271479758687 -6.24401183615085 1 1
11.0514626749218 -6.27697369672443 1 1
10.9754245625223 -6.30997276057504 1 1
10.8990331789810 -6.34300906150333 1 1
10.8222880646086 -6.37608263331000 1 1
10.7451887597162 -6.40919350979571 1 1
10.6677348046143 -6.44234172476114 1 1
10.5899257396139 -6.47552731200696 1 1
10.5117611050257 -6.50875030533387 1 1
10.4332404411606 -6.54201073854251 1 1
10.3543632883293 -6.57530864543358 1 1
10.2751291868428 -6.60864405980774 1 1
10.1955376770117 -6.64201701546569 1 1
10.1155882991470 -6.67542754620808 1 1
10.0352805935593 -6.70887568583560 1 1
9.95461410055959 -6.74236146814891 1 1
9.87358836045861 -6.77588492694872 1 1
9.79220291356720 -6.80944609603566 1 1
9.71045730019612 -6.84304500921044 1 1
9.62835106065623 -6.87668170027372 1 1
9.54588373525831 -6.91035620302618 1 1
9.46305486431320 -6.94406855126850 1 1
9.37986398813168 -6.97781877880135 1 1
9.29631064702459 -7.01160691942540 1 1
9.21239438130271 -7.04543300694134 1 1
9.12811473127688 -7.07929707514983 1 1
9.04347123725788 -7.11319915785156 1 1
8.95846343955656 -7.14713928884720 1 1
8.87309087848369 -7.18111750193742 1 1
8.78735309435012 -7.21513383092290 1 1
8.70124962746662 -7.24918830960433 1 1
8.61478001814405 -7.28328097178235 1 1
8.52794380669317 -7.31741185125768 1 1
8.44074053342483 -7.35158098183096 1 1
8.35316973864980 -7.38578839730288 1 1
8.26523096267895 -7.42003413147411 1 1
8.17692374582303 -7.45431821814535 1 1
8.08824762839290 -7.48864069111724 1 1
7.99920215069935 -7.52300158419047 1 1
7.90978685305316 -7.55740093116573 1 1
7.82000127576520 -7.59183876584367 1 1
7.72984495914623 -7.62631512202498 1 1
7.63931744350710 -7.66083003351034 1 1
7.54841826915859 -7.69538353410042 1 1
7.45714697641154 -7.72997565759589 1 1
7.36550310557672 -7.76460643779744 1 1
7.27348619696499 -7.79927590850573 1 1
7.18109579088712 -7.83398410352145 1 1
7.08833142765396 -7.86873105664526 1 1
6.99519264757627 -7.90351680167785 1 1
6.90167899096492 -7.93834137241989 1 1
6.80778999813066 -7.97320480267206 1 1
6.71352520938437 -8.00810712623502 1 1
6.61888416503679 -8.04304837690946 1 1
6.52386640539879 -8.07802858849605 1 1
6.42847147078112 -8.11304779479548 1 1
6.33269890149466 -8.14810602960840 1 1
6.23654823785016 -8.18320332673551 1 1
6.14001902015848 -8.21833971997747 1 1
6.04311078873038 -8.25351524313496 1 1
5.94582308387673 -8.28872993000865 1 1
5.84815544590829 -8.32398381439924 1 1
5.75010741513591 -8.35927693010737 1 1
5.65167853187036 -8.39460931093375 1 1
5.55286833642250 -8.42998099067902 1 1
5.45367636910308 -8.46539200314389 1 1
5.35410217022297 -8.50084238212901 1 1
5.25414528009294 -8.53633216143508 1 1
5.15380523902384 -8.57186137486274 1 1
5.05308158732642 -8.60743005621271 1 1
4.95197386531157 -8.64303823928563 1 1
4.85048161329002 -8.67868595788219 1 1
4.74860437157266 -8.71437324580307 1 1
4.64634168047023 -8.75010013684894 1 1
4.54369308029359 -8.78586666482046 1 1
4.44065811135351 -8.82167286351834 1 1
4.33723631396087 -8.85751876674323 1 1
4.23342722842638 -8.89340440829582 1 1
4.12923039506095 -8.92932982197676 1 1
4.02464535417531 -8.96529504158676 1 1
3.91967164608034 -9.00130010092648 1 1
3.81430881108679 -9.03734503379659 1 1
3.70855638950554 -9.07342987399777 1 1
3.60241392164731 -9.10955465533070 1 1
3.49588094782300 -9.14571941159605 1 1
3.38895700834336 -9.18192417659450 1 1
3.28164164351925 -9.21816898412672 1 1
3.17393439366145 -9.25445386799339 1 1
3.06583479908075 -9.29077886199519 1 1
2.95734240008801 -9.32714399993279 1 1
2.84845673699399 -9.36354931560687 1 1
2.73917735010956 -9.39999484281809 1 1
2.62950377974546 -9.43648061536715 1 1
2.51943556621259 -9.47300666705470 1 1
2.40897224982166 -9.50957303168145 1 1
2.29811337088357 -9.54617974304803 1 1
2.18685846970907 -9.58282683495516 1 1
2.07520708660901 -9.61951434120348 1 1
1.96315876189416 -9.65624229559370 1 1
1.85071303587539 -9.69301073192646 1 1
1.73786944886343 -9.72981968400247 1 1
1.62462754116919 -9.76666918562238 1 1
1.51098685310338 -9.80355927058687 1 1
1.39694692497690 -9.84048997269662 1 1
1.28250729710048 -9.87746132575232 1 1
1.16766750978501 -9.91447336355461 1 1
1.05242710334122 -9.95152611990421 1 1
0.936785618080009 -9.98861962860175 1 1
0.820742594312105 -10.0257539234480 1 1
0.704297572348384 -10.0629290382434 1 1
0.587450092499601 -10.1001450067890 1 1
0.470199695076627 -10.1374018628851 1 1
0.352545920390206 -10.1746996403326 1 1
0.234488308751217 -10.2120383729321 1 1
0.116026400470396 -10.2494180944843 1 1
-0.00284026414136562 -10.2868388387899 1 1
-0.122112144773325 -10.3243006396495 1 1
-0.241789701114612 -10.3618035308639 1 1
-0.361873392854488 -10.3993475462336 1 1
-0.482363679682052 -10.4369327195594 1 1
-0.603261021286588 -10.4745590846420 1 1
-0.724565877357193 -10.5122266752819 1 1
-0.846278707583146 -10.5499355252800 1 1
-0.968399971653550 -10.5876856684369 1 1
-1.09093012925767 -10.6254771385532 1 1
-1.21386964008463 -10.6633099694296 1 1
-1.33721896382368 -10.7011841948668 1 1
-1.46097856016394 -10.7390998486655 1 1
-1.58514888879469 -10.7770569646264 1 1
-1.70973040940502 -10.8150555765500 1 1
-1.83472358168420 -10.8530957182372 1 1
-1.96012886532135 -10.8911774234886 1 1
-2.08594672000573 -10.9293007261048 1 1
-2.21217760542645 -10.9674656598865 1 1
-2.33882198127280 -11.0056722586345 1 1
-2.46588030723386 -11.0439205561493 1 1
-2.59335304299887 -11.0822105862317 1 1
-2.72124064825706 -11.1205423826823 1 1
-2.84954358269754 -11.1589159793018 1 1
-2.97826230600957 -11.1973314098909 1 1
-3.10739727788227 -11.2357887082503 1 1
-3.23694895800491 -11.2742879081806 1 1
-3.36691780606659 -11.3128290434825 1 1
-3.49730428175659 -11.3514121479568 1 1
-3.62810884476401 -11.3900372554039 1 1
-3.75933195477812 -11.4287043996247 1 1
-3.89097407148804 -11.4674136144198 1 1
-4.02303565458302 -11.5061649335900 1 1
-4.15551716375218 -11.5449583909357 1 1
-4.28841905868480 -11.5837940202578 1 1
-4.42174179906996 -11.6226718553570 1 1
-4.55548584459696 -11.6615919300338 1 1
-4.68965165495488 -11.7005542780890 1 1
-4.82423968983302 -11.7395589333232 1 1
-4.95925040892047 -11.7786059295372 1 1
-5.09468427190650 -11.8176953005315 1 1
-5.23054173848022 -11.8568270801070 1 1
-5.36682326833092 -11.8960013020641 1 1
-5.50352932114766 -11.9352180002037 1 1
-5.64066035661976 -11.9744772083264 1 1
-5.77821683443630 -12.0137789602328 1 1
-5.91619921428656 -12.0531232897238 1 1
-6.05460795585964 -12.0925102305998 1 1
-6.19344351884482 -12.1319398166616 1 1
-6.33270636293120 -12.1714120817099 1 1
-6.47239694780807 -12.2109270595454 1 1
-6.61251573316451 -12.2504847839687 1 1
-6.75306317868980 -12.2900852887805 1 1
-6.89403974407305 -12.3297286077814 1 1
-7.03544588900354 -12.3694147747723 1 1
-7.17728207317036 -12.4091438235536 1 1
-7.31954875626279 -12.4489157879262 1 1
-7.46224639796994 -12.4887307016906 1 1
-7.60537545798107 -12.5285885986476 1 1
-7.74893639598530 -12.5684895125978 1 1
-7.89292967167188 -12.6084334773420 1 1
-8.03735574472995 -12.6484205266807 1 1
-8.18221507484876 -12.6884506944147 1 1
-8.32750812171743 -12.7285240143446 1 1
-8.47323534502521 -12.7686405202711 1 1
-8.61939720446122 -12.8088002459949 1 1
-8.76599415971472 -12.8490032253167 1 1
-8.91302667047484 -12.8892494920371 1 1
-9.06049519643084 -12.9295390799568 1 1
-9.20840019727181 -12.9698720228765 1 1
-9.35674213268701 -13.0102483545969 1 1
-9.50552146236564 -13.0506681089186 1 1
-9.65473864599683 -13.0911313196424 1 1
-9.80439414326985 -13.1316380205688 1 1
-9.95448841387380 -13.1721882454986 1 1
-10.1050219174979 -13.2127820282324 1 1
-10.2559951138314 -13.2534194025710 1 1
-10.4074084625634 -13.2941004023149 1 1
-10.5592624233832 -13.3348250612649 1 1
-10.7115574559798 -13.3755934132217 1 1
-10.8642940200426 -13.4164054919859 1 1
-11.0174725752606 -13.4572613313582 1 1
-11.1710935813232 -13.4981609651392 1 1
-11.3251574979194 -13.5391044271298 1 1
-11.4796647847385 -13.5800917511304 1 1
-11.6346159014696 -13.6211229709418 1 1
-11.7900113078020 -13.6621981203647 1 1
-11.9458514634248 -13.7033172331998 1 1
-12.1021368280272 -13.7444803432477 1 1
-12.2588678612984 -13.7856874843091 1 1
-12.4160450229276 -13.8269386901846 1 1
-12.5736687726041 -13.8682339946750 1 1
-12.7317395700168 -13.9095734315810 1 1
-12.8902578748552 -13.9509570347031 1 1
-13.0492241468082 -13.9923848378422 1 1
-13.2086388455653 -14.0338568747988 1 1
-13.3685024308155 -14.0753731793736 1 1
-13.5288153622480 -14.1169337853673 1 1
-13.6895780995519 -14.1585387265806 1 1
-13.8507911024167 -14.2001880368142 1 1
-14.0124548305312 -14.2418817498687 1 1
-14.1745697435849 -14.2836198995449 1 1
-14.3371363012668 -14.3254025196432 1 1
-14.5001549632662 -14.3672296439646 1 1
-14.6636261892722 -14.4091013063096 1 1
-14.8275504389741 -14.4510175404789 1 1
-14.9919281720609 -14.4929783802732 1 1
-15.1567598482221 -14.5349838594932 1 1
-15.3220459271465 -14.5770340119395 1 1
-15.4877868685236 -14.6191288714129 1 1
-15.6539831320425 -14.6612684717139 1 1
-15.8206351773923 -14.7034528466433 1 1
-15.9877434642623 -14.7456820300017 1 1
-16.1553084523416 -14.7879560555898 1 1
-16.3233306013194 -14.8302749572084 1 1
-16.4918103708850 -14.8726387686580 1 1
-16.6607482207275 -14.9150475237393 1 1
-16.8301446105361 -14.9575012562531 1 1
-17 -15 1 1