0 20 1 1
0.0500927643784787 20 1 1
0.100185528756957 20 1 1
0.150278293135436 20 1 1
0.200371057513915 20 1 1
0.250463821892393 20 1 1
0.300556586270872 20 1 1
0.350649350649351 20 1 1
0.400742115027829 20 1 1
0.450834879406308 20 1 1
0.500927643784787 20 1 1
0.551020408163265 20 1 1
0.601113172541744 20 1 1
0.651205936920223 20 1 1
0.701298701298701 20 1 1
0.751391465677180 20 1 1
0.801484230055659 20 1 1
0.851576994434137 20 1 1
0.901669758812616 20 1 1
0.951762523191095 20 1 1
1.00185528756957 20 1 1
1.05194805194805 20 1 1
1.10204081632653 20 1 1
1.15213358070501 20 1 1
1.20222634508349 20 1 1
1.25231910946197 20 1 1
1.30241187384045 20 1 1
1.35250463821892 20 1 1
1.40259740259740 20 1 1
1.45269016697588 20 1 1
1.50278293135436 20 1 1
1.55287569573284 20 1 1
1.60296846011132 20 1 1
1.65306122448980 20 1 1
1.70315398886827 20 1 1
1.75324675324675 20 1 1
1.80333951762523 20 1 1
1.85343228200371 20 1 1
1.90352504638219 20 1 1
1.95361781076067 20 1 1
2.00371057513915 20 1 1
2.05380333951763 20 1 1
2.10389610389610 20 1 1
2.15398886827458 20 1 1
2.20408163265306 20 1 1
2.25417439703154 20 1 1
2.30426716141002 20 1 1
2.35435992578850 20 1 1
2.40445269016698 20 1 1
2.45454545454545 20 1 1
2.50463821892393 20 1 1
2.55473098330241 20 1 1
2.60482374768089 20 1 1
2.65491651205937 20 1 1
2.70500927643785 20 1 1
2.75510204081633 20 1 1
2.80519480519481 20 1 1
2.85528756957328 20 1 1
2.90538033395176 20 1 1
2.95547309833024 20 1 1
3.00556586270872 20 1 1
3.05565862708720 20 1 1
3.10575139146568 20 1 1
3.15584415584416 20 1 1
3.20593692022263 20 1 1
3.25602968460111 20 1 1
3.30612244897959 20 1 1
3.35621521335807 20 1 1
3.40630797773655 20 1 1
3.45640074211503 20 1 1
3.50649350649351 20 1 1
3.55658627087199 20 1 1
3.60667903525046 20 1 1
3.65677179962894 20 1 1
3.70686456400742 20 1 1
3.75695732838590 20 1 1
3.80705009276438 20 1 1
3.85714285714286 20 1 1
3.90723562152134 20 1 1
3.95732838589981 20 1 1
4.00742115027829 20 1 1
4.05751391465677 20 1 1
4.10760667903525 20 1 1
4.15769944341373 20 1 1
4.20779220779221 20 1 1
4.25788497217069 20 1 1
4.30797773654917 20 1 1
4.35807050092764 20 1 1
4.40816326530612 20 1 1
4.45825602968460 20 1 1
4.50834879406308 20 1 1
4.55844155844156 20 1 1
4.60853432282004 20 1 1
4.65862708719852 20 1 1
4.70871985157699 20 1 1
4.75881261595547 20 1 1
4.80890538033395 20 1 1
4.85899814471243 20 1 1
4.90909090909091 20 1 1
4.95918367346939 20 1 1
5.00927643784787 20 1 1
5.05936920222635 20 1 1
5.10946196660482 20 1 1
5.15955473098330 20 1 1
5.20964749536178 20 1 1
5.25974025974026 20 1 1
5.30983302411874 20 1 1
5.35992578849722 20 1 1
5.41001855287570 20 1 1
5.46011131725417 20 1 1
5.51020408163265 20 1 1
5.56029684601113 20 1 1
5.61038961038961 20 1 1
5.66048237476809 20 1 1
5.71057513914657 20 1 1
5.76066790352505 20 1 1
5.81076066790353 20 1 1
5.86085343228200 20 1 1
5.91094619666048 20 1 1
5.96103896103896 20 1 1
6.01113172541744 20 1 1
6.06122448979592 20 1 1
6.11131725417440 20 1 1
6.16141001855288 20 1 1
6.21150278293136 20 1 1
6.26159554730983 20 1 1
6.31168831168831 20 1 1
6.36178107606679 20 1 1
6.41187384044527 20 1 1
6.46196660482375 20 1 1
6.51205936920223 20 1 1
6.56215213358071 20 1 1
6.61224489795918 20 1 1
6.66233766233766 20 1 1
6.71243042671614 20 1 1
6.76252319109462 20 1 1
6.81261595547310 20 1 1
6.86270871985158 20 1 1
6.91280148423006 20 1 1
6.96289424860853 20 1 1
7.01298701298701 20 1 1
7.06307977736549 20 1 1
7.11317254174397 20 1 1
7.16326530612245 20 1 1
7.21335807050093 20 1 1
7.26345083487941 20 1 1
7.31354359925789 20 1 1
7.36363636363636 20 1 1
7.41372912801484 20 1 1
7.46382189239332 20 1 1
7.51391465677180 20 1 1
7.56400742115028 20 1 1
7.61410018552876 20 1 1
7.66419294990724 20 1 1
7.71428571428571 20 1 1
7.76437847866419 20 1 1
7.81447124304267 20 1 1
7.86456400742115 20 1 1
7.91465677179963 20 1 1
7.96474953617811 20 1 1
8.01484230055659 20 1 1
8.06493506493507 20 1 1
8.11502782931354 20 1 1
8.16512059369202 20 1 1
8.21521335807050 20 1 1
8.26530612244898 20 1 1
8.31539888682746 20 1 1
8.36549165120594 20 1 1
8.41558441558442 20 1 1
8.46567717996289 20 1 1
8.51576994434137 20 1 1
8.56586270871985 20 1 1
8.61595547309833 20 1 1
8.66604823747681 20 1 1
8.71614100185529 20 1 1
8.76623376623377 20 1 1
8.81632653061224 20 1 1
8.86641929499072 20 1 1
8.91651205936920 20 1 1
8.96660482374768 20 1 1
9.01669758812616 20 1 1
9.06679035250464 20 1 1
9.11688311688312 20 1 1
9.16697588126160 20 1 1
9.21706864564007 20 1 1
9.26716141001855 20 1 1
9.31725417439703 20 1 1
9.36734693877551 20 1 1
9.41743970315399 20 1 1
9.46753246753247 20 1 1
9.51762523191095 20 1 1
9.56771799628942 20 1 1
9.61781076066790 20 1 1
9.66790352504638 20 1 1
9.71799628942486 20 1 1
9.76808905380334 20 1 1
9.81818181818182 20 1 1
9.86827458256030 20 1 1
9.91836734693878 20 1 1
9.96846011131725 20 1 1
10.0185528756957 20 1 1
10.0686456400742 20 1 1
10.1187384044527 20 1 1
10.1688311688312 20 1 1
10.2189239332096 20 1 1
10.2690166975881 20 1 1
10.3191094619666 20 1 1
10.3692022263451 20 1 1
10.4192949907236 20 1 1
10.4693877551020 20 1 1
10.5194805194805 20 1 1
10.5695732838590 20 1 1
10.6196660482375 20 1 1
10.6697588126160 20 1 1
10.7198515769944 20 1 1
10.7699443413729 20 1 1
10.8200371057514 20 1 1
10.8701298701299 20 1 1
10.9202226345083 20 1 1
10.9703153988868 20 1 1
11.0204081632653 20 1 1
11.0705009276438 20 1 1
11.1205936920223 20 1 1
11.1706864564007 20 1 1
11.2207792207792 20 1 1
11.2708719851577 20 1 1
11.3209647495362 20 1 1
11.3710575139147 20 1 1
11.4211502782931 20 1 1
11.4712430426716 20 1 1
11.5213358070501 20 1 1
11.5714285714286 20 1 1
11.6215213358071 20 1 1
11.6716141001855 20 1 1
11.7217068645640 20 1 1
11.7717996289425 20 1 1
11.8218923933210 20 1 1
11.8719851576994 20 1 1
11.9220779220779 20 1 1
11.9721706864564 20 1 1
12.0222634508349 20 1 1
12.0723562152134 20 1 1
12.1224489795918 20 1 1
12.1725417439703 20 1 1
12.2226345083488 20 1 1
12.2727272727273 20 1 1
12.3228200371058 20 1 1
12.3729128014842 20 1 1
12.4230055658627 20 1 1
12.4730983302412 20 1 1
12.5231910946197 20 1 1
12.5732838589981 20 1 1
12.6233766233766 20 1 1
12.6734693877551 20 1 1
12.7235621521336 20 1 1
12.7736549165121 20 1 1
12.8237476808905 20 1 1
12.8738404452690 20 1 1
12.9239332096475 20 1 1
12.9740259740260 20 1 1
13.0241187384045 20 1 1
13.0742115027829 20 1 1
13.1243042671614 20 1 1
13.1743970315399 20 1 1
13.2244897959184 20 1 1
13.2745825602968 20 1 1
13.3246753246753 20 1 1
13.3747680890538 20 1 1
13.4248608534323 20 1 1
13.4749536178108 20 1 1
13.5250463821892 20 1 1
13.5751391465677 20 1 1
13.6252319109462 20 1 1
13.6753246753247 20 1 1
13.7254174397032 20 1 1
13.7755102040816 20 1 1
13.8256029684601 20 1 1
13.8756957328386 20 1 1
13.9257884972171 20 1 1
13.9758812615955 20 1 1
14.0259740259740 20 1 1
14.0760667903525 20 1 1
14.1261595547310 20 1 1
14.1762523191095 20 1 1
14.2263450834879 20 1 1
14.2764378478664 20 1 1
14.3265306122449 20 1 1
14.3766233766234 20 1 1
14.4267161410019 20 1 1
14.4768089053803 20 1 1
14.5269016697588 20 1 1
14.5769944341373 20 1 1
14.6270871985158 20 1 1
14.6771799628942 20 1 1
14.7272727272727 20 1 1
14.7773654916512 20 1 1
14.8274582560297 20 1 1
14.8775510204082 20 1 1
14.9276437847866 20 1 1
14.9777365491651 20 1 1
15.0278293135436 20 1 1
15.0779220779221 20 1 1
15.1280148423006 20 1 1
15.1781076066790 20 1 1
15.2282003710575 20 1 1
15.2782931354360 20 1 1
15.3283858998145 20 1 1
15.3784786641930 20 1 1
15.4285714285714 20 1 1
15.4786641929499 20 1 1
15.5287569573284 20 1 1
15.5788497217069 20 1 1
15.6289424860853 20 1 1
15.6790352504638 20 1 1
15.7291280148423 20 1 1
15.7792207792208 20 1 1
15.8293135435993 20 1 1
15.8794063079777 20 1 1
15.9294990723562 20 1 1
15.9795918367347 20 1 1
16.0296846011132 20 1 1
16.0797773654917 20 1 1
16.1298701298701 20 1 1
16.1799628942486 20 1 1
16.2300556586271 20 1 1
16.2801484230056 20 1 1
16.3302411873840 20 1 1
16.3803339517625 20 1 1
16.4304267161410 20 1 1
16.4805194805195 20 1 1
16.5306122448980 20 1 1
16.5807050092764 20 1 1
16.6307977736549 20 1 1
16.6808905380334 20 1 1
16.7309833024119 20 1 1
16.7810760667904 20 1 1
16.8311688311688 20 1 1
16.8812615955473 20 1 1
16.9313543599258 20 1 1
16.9814471243043 20 1 1
17.0315398886827 20 1 1
17.0816326530612 20 1 1
17.1317254174397 20 1 1
17.1818181818182 20 1 1
17.2319109461967 20 1 1
17.2820037105751 20 1 1
17.3320964749536 20 1 1
17.3821892393321 20 1 1
17.4322820037106 20 1 1
17.4823747680891 20 1 1
17.5324675324675 20 1 1
17.5825602968460 20 1 1
17.6326530612245 20 1 1
17.6827458256030 20 1 1
17.7328385899814 20 1 1
17.7829313543599 20 1 1
17.8330241187384 20 1 1
17.8831168831169 20 1 1
17.9332096474954 20 1 1
17.9833024118738 20 1 1
18.0333951762523 20 1 1
18.0834879406308 20 1 1
18.1335807050093 20 1 1
18.1836734693878 20 1 1
18.2337662337662 20 1 1
18.2838589981447 20 1 1
18.3339517625232 20 1 1
18.3840445269017 20 1 1
18.4341372912801 20 1 1
18.4842300556586 20 1 1
18.5343228200371 20 1 1
18.5844155844156 20 1 1
18.6345083487941 20 1 1
18.6846011131725 20 1 1
18.7346938775510 20 1 1
18.7847866419295 20 1 1
18.8348794063080 20 1 1
18.8849721706865 20 1 1
18.9350649350649 20 1 1
18.9851576994434 20 1 1
19.0352504638219 20 1 1
19.0853432282004 20 1 1
19.1354359925789 20 1 1
19.1855287569573 20 1 1
19.2356215213358 20 1 1
19.2857142857143 20 1 1
19.3358070500928 20 1 1
19.3858998144712 20 1 1
19.4359925788497 20 1 1
19.4860853432282 20 1 1
19.5361781076067 20 1 1
19.5862708719852 20 1 1
19.6363636363636 20 1 1
19.6864564007421 20 1 1
19.7365491651206 20 1 1
19.7866419294991 20 1 1
19.8367346938776 20 1 1
19.8868274582560 20 1 1
19.9369202226345 20 1 1
19.9870129870130 20 1 1
20.0371057513915 20 1 1
20.0871985157699 20 1 1
20.1372912801484 20 1 1
20.1873840445269 20 1 1
20.2374768089054 20 1 1
20.2875695732839 20 1 1
20.3376623376623 20 1 1
20.3877551020408 20 1 1
20.4378478664193 20 1 1
20.4879406307978 20 1 1
20.5380333951763 20 1 1
20.5881261595547 20 1 1
20.6382189239332 20 1 1
20.6883116883117 20 1 1
20.7384044526902 20 1 1
20.7884972170686 20 1 1
20.8385899814471 20 1 1
20.8886827458256 20 1 1
20.9387755102041 20 1 1
20.9888682745826 20 1 1
21.0389610389610 20 1 1
21.0890538033395 20 1 1
21.1391465677180 20 1 1
21.1892393320965 20 1 1
21.2393320964750 20 1 1
21.2894248608534 20 1 1
21.3395176252319 20 1 1
21.3896103896104 20 1 1
21.4397031539889 20 1 1
21.4897959183673 20 1 1
21.5398886827458 20 1 1
21.5899814471243 20 1 1
21.6400742115028 20 1 1
21.6901669758813 20 1 1
21.7402597402597 20 1 1
21.7903525046382 20 1 1
21.8404452690167 20 1 1
21.8905380333952 20 1 1
21.9406307977737 20 1 1
21.9907235621521 20 1 1
22.0408163265306 20 1 1
22.0909090909091 20 1 1
22.1410018552876 20 1 1
22.1910946196661 20 1 1
22.2411873840445 20 1 1
22.2912801484230 20 1 1
22.3413729128015 20 1 1
22.3914656771800 20 1 1
22.4415584415584 20 1 1
22.4916512059369 20 1 1
22.5417439703154 20 1 1
22.5918367346939 20 1 1
22.6419294990724 20 1 1
22.6920222634508 20 1 1
22.7421150278293 20 1 1
22.7922077922078 20 1 1
22.8423005565863 20 1 1
22.8923933209648 20 1 1
22.9424860853432 20 1 1
22.9925788497217 20 1 1
23.0426716141002 20 1 1
23.0927643784787 20 1 1
23.1428571428571 20 1 1
23.1929499072356 20 1 1
23.2430426716141 20 1 1
23.2931354359926 20 1 1
23.3432282003711 20 1 1
23.3933209647495 20 1 1
23.4434137291280 20 1 1
23.4935064935065 20 1 1
23.5435992578850 20 1 1
23.5936920222635 20 1 1
23.6437847866419 20 1 1
23.6938775510204 20 1 1
23.7439703153989 20 1 1
23.7940630797774 20 1 1
23.8441558441558 20 1 1
23.8942486085343 20 1 1
23.9443413729128 20 1 1
23.9944341372913 20 1 1
24.0445269016698 20 1 1
24.0946196660482 20 1 1
24.1447124304267 20 1 1
24.1948051948052 20 1 1
24.2448979591837 20 1 1
24.2949907235622 20 1 1
24.3450834879406 20 1 1
24.3951762523191 20 1 1
24.4452690166976 20 1 1
24.4953617810761 20 1 1
24.5454545454545 20 1 1
24.5955473098330 20 1 1
24.6456400742115 20 1 1
24.6957328385900 20 1 1
24.7458256029685 20 1 1
24.7959183673469 20 1 1
24.8460111317254 20 1 1
24.8961038961039 20 1 1
24.9461966604824 20 1 1
24.9962894248609 20 1 1
25.0463821892393 20 1 1
25.0964749536178 20 1 1
25.1465677179963 20 1 1
25.1966604823748 20 1 1
25.2467532467532 20 1 1
25.2968460111317 20 1 1
25.3469387755102 20 1 1
25.3970315398887 20 1 1
25.4471243042672 20 1 1
25.4972170686456 20 1 1
25.5473098330241 20 1 1
25.5974025974026 20 1 1
25.6474953617811 20 1 1
25.6975881261596 20 1 1
25.7476808905380 20 1 1
25.7977736549165 20 1 1
25.8478664192950 20 1 1
25.8979591836735 20 1 1
25.9480519480519 20 1 1
25.9981447124304 20 1 1
26.0482374768089 20 1 1
26.0983302411874 20 1 1
26.1484230055659 20 1 1
26.1985157699443 20 1 1
26.2486085343228 20 1 1
26.2987012987013 20 1 1
26.3487940630798 20 1 1
26.3988868274583 20 1 1
26.4489795918367 20 1 1
26.4990723562152 20 1 1
26.5491651205937 20 1 1
26.5992578849722 20 1 1
26.6493506493506 20 1 1
26.6994434137291 20 1 1
26.7495361781076 20 1 1
26.7996289424861 20 1 1
26.8497217068646 20 1 1
26.8998144712430 20 1 1
26.9499072356215 20 1 1
27 20 1 1
27 20 1 1
27.0492404681974 19.9997575317501 1 1
27.0984761606947 19.9990301505167 1 1
27.1477023022551 19.9978179268465 1 1
27.1969141185681 19.9961209783099 1 1
27.2461068367123 19.9939394694893 1 1
27.2952756856189 19.9912736119634 1 1
27.3444158965340 19.9881236642865 1 1
27.3935227034813 19.9844899319634 1 1
27.4425913437241 19.9803727674202 1 1
27.4916170582274 19.9757725699694 1 1
27.5405950921197 19.9706897857718 1 1
27.5895206951536 19.9651249077929 1 1
27.6383891221670 19.9590784757552 1 1
27.6871956335432 19.9525510760859 1 1
27.7359354956702 19.9455433418597 1 1
27.7846039814006 19.9380559527379 1 1
27.8331963705093 19.9300896349022 1 1
27.8817079501517 19.9216451609842 1 1
27.9301340153207 19.9127233499907 1 1
27.9784698693029 19.9033250672239 1 1
28.0267108241343 19.8934512241981 1 1
28.0748522010551 19.8831027785504 1 1
28.1228893309631 19.8722807339489 1 1
28.1708175548666 19.8609861399942 1 1
28.2186322243368 19.8492200921187 1 1
28.2663287019579 19.8369837314795 1 1
28.3139023617773 19.8242782448482 1 1
28.3613485897543 19.8111048644957 1 1
28.4086627842072 19.7974648680725 1 1
28.4558403562600 19.7833595784850 1 1
28.5028767302876 19.7687903637673 1 1
28.5497673443589 19.7537586369481 1 1
28.5965076506799 19.7382658559140 1 1
28.6430931160345 19.7223135232680 1 1
28.6895192222242 19.7059031861838 1 1
28.7357814665062 19.6890364362557 1 1
28.7818753620305 19.6717149093442 1 1
28.8277964382746 19.6539402854174 1 1
28.8735402414772 19.6357142883881 1 1
28.9191023350704 19.6170386859466 1 1
28.9644783001098 19.5979152893891 1 1
29.0096637357030 19.5783459534422 1 1
29.0546542594367 19.5583325760829 1 1
29.0994455078013 19.5378770983548 1 1
29.1440331366148 19.5169815041793 1 1
29.1884128214432 19.4956478201637 1 1
29.2325802580210 19.4738781154045 1 1
29.2765311626675 19.4516745012864 1 1
29.3202612727033 19.4290391312782 1 1
29.3637663468630 19.4059742007232 1 1
29.4070421657070 19.3824819466267 1 1
29.4500845320304 19.3585646474390 1 1
29.4928892712704 19.3342246228345 1 1
29.5354522319108 19.3094642334864 1 1
29.5777692858851 19.2842858808379 1 1
29.6198363289764 19.2586920068696 1 1
29.6616492812158 19.2326850938622 1 1
29.7032040872780 19.2062676641559 1 1
29.7444967168745 19.1794422799059 1 1
29.7855231651446 19.1522115428339 1 1
29.8262794530440 19.1245780939754 1 1
29.8667616277303 19.0965446134240 1 1
29.9069657629466 19.0681138200714 1 1
29.9468879594025 19.0392884713435 1 1
29.9865243451519 19.0100713629329 1 1
30.0258710759688 18.9804653285282 1 1
30.0649243357200 18.9504732395387 1 1
30.1036803367353 18.9200980048160 1 1
30.1421353201748 18.8893425703723 1 1
30.1802855563934 18.8582099190940 1 1
30.2181273453028 18.8267030704530 1 1
30.2556570167300 18.7948250802134 1 1
30.2928709307736 18.7625790401354 1 1
30.3297654781564 18.7299680776755 1 1
30.3663370805760 18.6969953556827 1 1
30.4025821910514 18.6636640720923 1 1
30.4384972942671 18.6299774596157 1 1
30.4740789069144 18.5959387854262 1 1
30.5093235780285 18.5615513508432 1 1
30.5442278893242 18.5268184910109 1 1
30.5787884555264 18.4917435745757 1 1
30.6130019246991 18.4563300033591 1 1
30.6468649785704 18.4205812120276 1 1
30.6803743328541 18.3845006677601 1 1
30.7135267375684 18.3480918699111 1 1
30.7463189773511 18.3113583496715 1 1
30.7787478717713 18.2743036697264 1 1
30.8108102756382 18.2369314239091 1 1
30.8425030793058 18.1992452368529 1 1
30.8738232089746 18.1612487636392 1 1
30.9047676269898 18.1229456894433 1 1
30.9353333321359 18.0843397291771 1 1
30.9655173599276 18.0454346271284 1 1
30.9953167828976 18.0062341565980 1 1
31.0247287108803 17.9667421195337 1 1
31.0537502912923 17.9269623461615 1 1
31.0823787094088 17.8868986946143 1 1
31.1106111886368 17.8465550505574 1 1
31.1384449907845 17.8059353268119 1 1
31.1658774163264 17.7650434629752 1 1
31.1929058046657 17.7238834250388 1 1
31.2195275343920 17.6824592050035 1 1
31.2457400235356 17.6407748204926 1 1
31.2715407298180 17.5988343143622 1 1
31.2969271508983 17.5566417543084 1 1
31.3218968246160 17.5142012324740 1 1
31.3464473292301 17.4715168650505 1 1
31.3705762836532 17.4285927918794 1 1
31.3942813476832 17.3854331760507 1 1
31.4175602222301 17.3420422034990 1 1
31.4404106495386 17.2984240825975 1 1
31.4628304134074 17.2545830437502 1 1
31.4848173394043 17.2105233389808 1 1
31.5063692950765 17.1662492415213 1 1
31.5274841901582 17.1217650453968 1 1
31.5481599767726 17.0770750650094 1 1
31.5683946496311 17.0321836347197 1 1
31.5881862462273 16.9870951084261 1 1
31.6075328470277 16.9418138591432 1 1
31.6264325756578 16.8963442785771 1 1
31.6448835990840 16.8506907766996 1 1
31.6628841277912 16.8048577813206 1 1
31.6804324159567 16.7588497376585 1 1
31.6975267616196 16.7126711079094 1 1
31.7141655068454 16.6663263708137 1 1
31.7303470378870 16.6198200212225 1 1
31.7460697853416 16.5731565696610 1 1
31.7613322243022 16.5263405418914 1 1
31.7761328745062 16.4793764784738 1 1
31.7904703004783 16.4322689343259 1 1
31.8043431116705 16.3850224782813 1 1
31.8177499625961 16.3376416926461 1 1
31.8306895529610 16.2901311727548 1 1
31.8431606277891 16.2424955265245 1 1
31.8551619775447 16.1947393740078 1 1
31.8666924382491 16.1468673469451 1 1
31.8777508915942 16.0988840883149 1 1
31.8883362650504 16.0507942518841 1 1
31.8984475319710 16.0026025017560 1 1
31.9080837116914 15.9543135119183 1 1
31.9172438696246 15.9059319657897 1 1
31.9259271173516 15.8574625557658 1 1
31.9341326127076 15.8089099827638 1 1
31.9418595598639 15.7602789557667 1 1
31.9491072094047 15.7115741913664 1 1
31.9558748583999 15.6628004133066 1 1
31.9621618504737 15.6139623520243 1 1
31.9679675758676 15.5650647441912 1 1
31.9732914715000 15.5161123322542 1 1
31.9781330210207 15.4671098639757 1 1
31.9824917548608 15.4180620919726 1 1
31.9863672502784 15.3689737732560 1 1
31.9897591313998 15.3198496687694 1 1
31.9926670692556 15.2706945429271 1 1
31.9950907818127 15.2215131631519 1 1
31.9970300340018 15.1723102994131 1 1
31.9984846377401 15.1230907237636 1 1
31.9994544519494 15.0738592098772 1 1
31.9999393825701 15.0246205325854 1 1
31.9999393825701 14.9753794674146 1 1
31.9994544519494 14.9261407901228 1 1
31.9984846377401 14.8769092762364 1 1
31.9970300340018 14.8276897005869 1 1
31.9950907818127 14.7784868368481 1 1
31.9926670692556 14.7293054570729 1 1
31.9897591313998 14.6801503312306 1 1
31.9863672502784 14.6310262267440 1 1
31.9824917548608 14.5819379080274 1 1
31.9781330210207 14.5328901360244 1 1
31.9732914715000 14.4838876677458 1 1
31.9679675758676 14.4349352558088 1 1
31.9621618504737 14.3860376479757 1 1
31.9558748583999 14.3371995866934 1 1
31.9491072094047 14.2884258086336 1 1
31.9418595598639 14.2397210442333 1 1
31.9341326127076 14.1910900172362 1 1
31.9259271173516 14.1425374442342 1 1
31.9172438696246 14.0940680342103 1 1
31.9080837116914 14.0456864880818 1 1
31.8984475319710 13.9973974982440 1 1
31.8883362650504 13.9492057481159 1 1
31.8777508915942 13.9011159116851 1 1
31.8666924382491 13.8531326530549 1 1
31.8551619775447 13.8052606259922 1 1
31.8431606277891 13.7575044734755 1 1
31.8306895529610 13.7098688272452 1 1
31.8177499625961 13.6623583073539 1 1
31.8043431116705 13.6149775217187 1 1
31.7904703004783 13.5677310656741 1 1
31.7761328745062 13.5206235215262 1 1
31.7613322243022 13.4736594581086 1 1
31.7460697853416 13.4268434303390 1 1
31.7303470378870 13.3801799787775 1 1
31.7141655068454 13.3336736291863 1 1
31.6975267616196 13.2873288920906 1 1
31.6804324159567 13.2411502623415 1 1
31.6628841277912 13.1951422186794 1 1
31.6448835990840 13.1493092233004 1 1
31.6264325756578 13.1036557214229 1 1
31.6075328470277 13.0581861408568 1 1
31.5881862462273 13.0129048915739 1 1
31.5683946496311 12.9678163652804 1 1
31.5481599767726 12.9229249349906 1 1
31.5274841901582 12.8782349546032 1 1
31.5063692950765 12.8337507584787 1 1
31.4848173394043 12.7894766610192 1 1
31.4628304134074 12.7454169562499 1 1
31.4404106495386 12.7015759174025 1 1
31.4175602222301 12.6579577965011 1 1
31.3942813476832 12.6145668239493 1 1
31.3705762836532 12.5714072081206 1 1
31.3464473292301 12.5284831349495 1 1
31.3218968246160 12.4857987675260 1 1
31.2969271508983 12.4433582456916 1 1
31.2715407298180 12.4011656856379 1 1
31.2457400235356 12.3592251795074 1 1
31.2195275343920 12.3175407949965 1 1
31.1929058046657 12.2761165749612 1 1
31.1658774163264 12.2349565370248 1 1
31.1384449907845 12.1940646731881 1 1
31.1106111886368 12.1534449494426 1 1
31.0823787094088 12.1131013053857 1 1
31.0537502912923 12.0730376538385 1 1
31.0247287108803 12.0332578804663 1 1
30.9953167828976 11.9937658434020 1 1
30.9655173599276 11.9545653728716 1 1
30.9353333321359 11.9156602708229 1 1
30.9047676269898 11.8770543105567 1 1
30.8738232089746 11.8387512363609 1 1
30.8425030793058 11.8007547631471 1 1
30.8108102756382 11.7630685760909 1 1
30.7787478717713 11.7256963302736 1 1
30.7463189773511 11.6886416503285 1 1
30.7135267375684 11.6519081300889 1 1
30.6803743328541 11.6154993322399 1 1
30.6468649785704 11.5794187879724 1 1
30.6130019246991 11.5436699966409 1 1
30.5787884555264 11.5082564254243 1 1
30.5442278893242 11.4731815089891 1 1
30.5093235780285 11.4384486491568 1 1
30.4740789069144 11.4040612145738 1 1
30.4384972942671 11.3700225403843 1 1
30.4025821910514 11.3363359279077 1 1
30.3663370805760 11.3030046443173 1 1
30.3297654781564 11.2700319223245 1 1
30.2928709307736 11.2374209598646 1 1
30.2556570167300 11.2051749197866 1 1
30.2181273453028 11.1732969295470 1 1
30.1802855563934 11.1417900809060 1 1
30.1421353201748 11.1106574296277 1 1
30.1036803367353 11.0799019951840 1 1
30.0649243357200 11.0495267604613 1 1
30.0258710759688 11.0195346714718 1 1
29.9865243451519 10.9899286370671 1 1
29.9468879594025 10.9607115286565 1 1
29.9069657629466 10.9318861799286 1 1
29.8667616277303 10.9034553865760 1 1
29.8262794530440 10.8754219060246 1 1
29.7855231651446 10.8477884571661 1 1
29.7444967168745 10.8205577200941 1 1
29.7032040872780 10.7937323358441 1 1
29.6616492812158 10.7673149061378 1 1
29.6198363289764 10.7413079931304 1 1
29.5777692858851 10.7157141191621 1 1
29.5354522319108 10.6905357665136 1 1
29.4928892712704 10.6657753771655 1 1
29.4500845320304 10.6414353525610 1 1
29.4070421657070 10.6175180533733 1 1
29.3637663468630 10.5940257992768 1 1
29.3202612727033 10.5709608687218 1 1
29.2765311626675 10.5483254987136 1 1
29.2325802580210 10.5261218845955 1 1
29.1884128214432 10.5043521798363 1 1
29.1440331366148 10.4830184958207 1 1
29.0994455078013 10.4621229016452 1 1
29.0546542594367 10.4416674239171 1 1
29.0096637357030 10.4216540465578 1 1
28.9644783001098 10.4020847106109 1 1
28.9191023350704 10.3829613140534 1 1
28.8735402414772 10.3642857116119 1 1
28.8277964382746 10.3460597145826 1 1
28.7818753620305 10.3282850906558 1 1
28.7357814665062 10.3109635637443 1 1
28.6895192222242 10.2940968138162 1 1
28.6430931160345 10.2776864767320 1 1
28.5965076506799 10.2617341440860 1 1
28.5497673443589 10.2462413630519 1 1
28.5028767302876 10.2312096362327 1 1
28.4558403562600 10.2166404215150 1 1
28.4086627842072 10.2025351319275 1 1
28.3613485897543 10.1888951355043 1 1
28.3139023617773 10.1757217551518 1 1
28.2663287019579 10.1630162685205 1 1
28.2186322243368 10.1507799078813 1 1
28.1708175548666 10.1390138600058 1 1
28.1228893309631 10.1277192660511 1 1
28.0748522010551 10.1168972214496 1 1
28.0267108241343 10.1065487758019 1 1
27.9784698693029 10.0966749327761 1 1
27.9301340153207 10.0872766500093 1 1
27.8817079501517 10.0783548390158 1 1
27.8331963705093 10.0699103650978 1 1
27.7846039814006 10.0619440472621 1 1
27.7359354956702 10.0544566581403 1 1
27.6871956335432 10.0474489239141 1 1
27.6383891221670 10.0409215242448 1 1
27.5895206951536 10.0348750922071 1 1
27.5405950921197 10.0293102142282 1 1
27.4916170582274 10.0242274300306 1 1
27.4425913437241 10.0196272325798 1 1
27.3935227034813 10.0155100680366 1 1
27.3444158965340 10.0118763357135 1 1
27.2952756856189 10.0087263880366 1 1
27.2461068367123 10.0060605305107 1 1
27.1969141185681 10.0038790216901 1 1
27.1477023022551 10.0021820731535 1 1
27.0984761606947 10.0009698494833 1 1
27.0492404681974 10.0002424682499 1 1
27 10 1 1
27 10 1 1
26.9498956158664 10 1 1
26.8997912317328 10 1 1
26.8496868475992 10 1 1
26.7995824634656 10 1 1
26.7494780793319 10 1 1
26.6993736951983 10 1 1
26.6492693110647 10 1 1
26.5991649269311 10 1 1
26.5490605427975 10 1 1
26.4989561586639 10 1 1
26.4488517745303 10 1 1
26.3987473903967 10 1 1
26.3486430062631 10 1 1
26.2985386221294 10 1 1
26.2484342379958 10 1 1
26.1983298538622 10 1 1
26.1482254697286 10 1 1
26.0981210855950 10 1 1
26.0480167014614 10 1 1
25.9979123173278 10 1 1
25.9478079331942 10 1 1
25.8977035490605 10 1 1
25.8475991649269 10 1 1
25.7974947807933 10 1 1
25.7473903966597 10 1 1
25.6972860125261 10 1 1
25.6471816283925 10 1 1
25.5970772442589 10 1 1
25.5469728601253 10 1 1
25.4968684759917 10 1 1
25.4467640918580 10 1 1
25.3966597077244 10 1 1
25.3465553235908 10 1 1
25.2964509394572 10 1 1
25.2463465553236 10 1 1
25.1962421711900 10 1 1
25.1461377870564 10 1 1
25.0960334029228 10 1 1
25.0459290187891 10 1 1
24.9958246346555 10 1 1
24.9457202505219 10 1 1
24.8956158663883 10 1 1
24.8455114822547 10 1 1
24.7954070981211 10 1 1
24.7453027139875 10 1 1
24.6951983298539 10 1 1
24.6450939457203 10 1 1
24.5949895615866 10 1 1
24.5448851774530 10 1 1
24.4947807933194 10 1 1
24.4446764091858 10 1 1
24.3945720250522 10 1 1
24.3444676409186 10 1 1
24.2943632567850 10 1 1
24.2442588726514 10 1 1
24.1941544885177 10 1 1
24.1440501043841 10 1 1
24.0939457202505 10 1 1
24.0438413361169 10 1 1
23.9937369519833 10 1 1
23.9436325678497 10 1 1
23.8935281837161 10 1 1
23.8434237995825 10 1 1
23.7933194154489 10 1 1
23.7432150313152 10 1 1
23.6931106471816 10 1 1
23.6430062630480 10 1 1
23.5929018789144 10 1 1
23.5427974947808 10 1 1
23.4926931106472 10 1 1
23.4425887265136 10 1 1
23.3924843423800 10 1 1
23.3423799582463 10 1 1
23.2922755741127 10 1 1
23.2421711899791 10 1 1
23.1920668058455 10 1 1
23.1419624217119 10 1 1
23.0918580375783 10 1 1
23.0417536534447 10 1 1
22.9916492693111 10 1 1
22.9415448851775 10 1 1
22.8914405010438 10 1 1
22.8413361169102 10 1 1
22.7912317327766 10 1 1
22.7411273486430 10 1 1
22.6910229645094 10 1 1
22.6409185803758 10 1 1
22.5908141962422 10 1 1
22.5407098121086 10 1 1
22.4906054279750 10 1 1
22.4405010438413 10 1 1
22.3903966597077 10 1 1
22.3402922755741 10 1 1
22.2901878914405 10 1 1
22.2400835073069 10 1 1
22.1899791231733 10 1 1
22.1398747390397 10 1 1
22.0897703549061 10 1 1
22.0396659707724 10 1 1
21.9895615866388 10 1 1
21.9394572025052 10 1 1
21.8893528183716 10 1 1
21.8392484342380 10 1 1
21.7891440501044 10 1 1
21.7390396659708 10 1 1
21.6889352818372 10 1 1
21.6388308977036 10 1 1
21.5887265135699 10 1 1
21.5386221294363 10 1 1
21.4885177453027 10 1 1
21.4384133611691 10 1 1
21.3883089770355 10 1 1
21.3382045929019 10 1 1
21.2881002087683 10 1 1
21.2379958246347 10 1 1
21.1878914405010 10 1 1
21.1377870563674 10 1 1
21.0876826722338 10 1 1
21.0375782881002 10 1 1
20.9874739039666 10 1 1
20.9373695198330 10 1 1
20.8872651356994 10 1 1
20.8371607515658 10 1 1
20.7870563674322 10 1 1
20.7369519832985 10 1 1
20.6868475991649 10 1 1
20.6367432150313 10 1 1
20.5866388308977 10 1 1
20.5365344467641 10 1 1
20.4864300626305 10 1 1
20.4363256784969 10 1 1
20.3862212943633 10 1 1
20.3361169102296 10 1 1
20.2860125260960 10 1 1
20.2359081419624 10 1 1
20.1858037578288 10 1 1
20.1356993736952 10 1 1
20.0855949895616 10 1 1
20.0354906054280 10 1 1
19.9853862212944 10 1 1
19.9352818371608 10 1 1
19.8851774530271 10 1 1
19.8350730688935 10 1 1
19.7849686847599 10 1 1
19.7348643006263 10 1 1
19.6847599164927 10 1 1
19.6346555323591 10 1 1
19.5845511482255 10 1 1
19.5344467640919 10 1 1
19.4843423799582 10 1 1
19.4342379958246 10 1 1
19.3841336116910 10 1 1
19.3340292275574 10 1 1
19.2839248434238 10 1 1
19.2338204592902 10 1 1
19.1837160751566 10 1 1
19.1336116910230 10 1 1
19.0835073068894 10 1 1
19.0334029227557 10 1 1
18.9832985386221 10 1 1
18.9331941544885 10 1 1
18.8830897703549 10 1 1
18.8329853862213 10 1 1
18.7828810020877 10 1 1
18.7327766179541 10 1 1
18.6826722338205 10 1 1
18.6325678496868 10 1 1
18.5824634655532 10 1 1
18.5323590814196 10 1 1
18.4822546972860 10 1 1
18.4321503131524 10 1 1
18.3820459290188 10 1 1
18.3319415448852 10 1 1
18.2818371607516 10 1 1
18.2317327766180 10 1 1
18.1816283924843 10 1 1
18.1315240083507 10 1 1
18.0814196242171 10 1 1
18.0313152400835 10 1 1
17.9812108559499 10 1 1
17.9311064718163 10 1 1
17.8810020876827 10 1 1
17.8308977035491 10 1 1
17.7807933194155 10 1 1
17.7306889352818 10 1 1
17.6805845511482 10 1 1
17.6304801670146 10 1 1
17.5803757828810 10 1 1
17.5302713987474 10 1 1
17.4801670146138 10 1 1
17.4300626304802 10 1 1
17.3799582463466 10 1 1
17.3298538622129 10 1 1
17.2797494780793 10 1 1
17.2296450939457 10 1 1
17.1795407098121 10 1 1
17.1294363256785 10 1 1
17.0793319415449 10 1 1
17.0292275574113 10 1 1
16.9791231732777 10 1 1
16.9290187891441 10 1 1
16.8789144050104 10 1 1
16.8288100208768 10 1 1
16.7787056367432 10 1 1
16.7286012526096 10 1 1
16.6784968684760 10 1 1
16.6283924843424 10 1 1
16.5782881002088 10 1 1
16.5281837160752 10 1 1
16.4780793319415 10 1 1
16.4279749478079 10 1 1
16.3778705636743 10 1 1
16.3277661795407 10 1 1
16.2776617954071 10 1 1
16.2275574112735 10 1 1
16.1774530271399 10 1 1
16.1273486430063 10 1 1
16.0772442588727 10 1 1
16.0271398747390 10 1 1
15.9770354906054 10 1 1
15.9269311064718 10 1 1
15.8768267223382 10 1 1
15.8267223382046 10 1 1
15.7766179540710 10 1 1
15.7265135699374 10 1 1
15.6764091858038 10 1 1
15.6263048016701 10 1 1
15.5762004175365 10 1 1
15.5260960334029 10 1 1
15.4759916492693 10 1 1
15.4258872651357 10 1 1
15.3757828810021 10 1 1
15.3256784968685 10 1 1
15.2755741127349 10 1 1
15.2254697286013 10 1 1
15.1753653444676 10 1 1
15.1252609603340 10 1 1
15.0751565762004 10 1 1
15.0250521920668 10 1 1
14.9749478079332 10 1 1
14.9248434237996 10 1 1
14.8747390396660 10 1 1
14.8246346555324 10 1 1
14.7745302713987 10 1 1
14.7244258872651 10 1 1
14.6743215031315 10 1 1
14.6242171189979 10 1 1
14.5741127348643 10 1 1
14.5240083507307 10 1 1
14.4739039665971 10 1 1
14.4237995824635 10 1 1
14.3736951983299 10 1 1
14.3235908141962 10 1 1
14.2734864300626 10 1 1
14.2233820459290 10 1 1
14.1732776617954 10 1 1
14.1231732776618 10 1 1
14.0730688935282 10 1 1
14.0229645093946 10 1 1
13.9728601252610 10 1 1
13.9227557411273 10 1 1
13.8726513569937 10 1 1
13.8225469728601 10 1 1
13.7724425887265 10 1 1
13.7223382045929 10 1 1
13.6722338204593 10 1 1
13.6221294363257 10 1 1
13.5720250521921 10 1 1
13.5219206680585 10 1 1
13.4718162839248 10 1 1
13.4217118997912 10 1 1
13.3716075156576 10 1 1
13.3215031315240 10 1 1
13.2713987473904 10 1 1
13.2212943632568 10 1 1
13.1711899791232 10 1 1
13.1210855949896 10 1 1
13.0709812108560 10 1 1
13.0208768267223 10 1 1
12.9707724425887 10 1 1
12.9206680584551 10 1 1
12.8705636743215 10 1 1
12.8204592901879 10 1 1
12.7703549060543 10 1 1
12.7202505219207 10 1 1
12.6701461377871 10 1 1
12.6200417536534 10 1 1
12.5699373695198 10 1 1
12.5198329853862 10 1 1
12.4697286012526 10 1 1
12.4196242171190 10 1 1
12.3695198329854 10 1 1
12.3194154488518 10 1 1
12.2693110647182 10 1 1
12.2192066805846 10 1 1
12.1691022964509 10 1 1
12.1189979123173 10 1 1
12.0688935281837 10 1 1
12.0187891440501 10 1 1
11.9686847599165 10 1 1
11.9185803757829 10 1 1
11.8684759916493 10 1 1
11.8183716075157 10 1 1
11.7682672233820 10 1 1
11.7181628392484 10 1 1
11.6680584551148 10 1 1
11.6179540709812 10 1 1
11.5678496868476 10 1 1
11.5177453027140 10 1 1
11.4676409185804 10 1 1
11.4175365344468 10 1 1
11.3674321503132 10 1 1
11.3173277661795 10 1 1
11.2672233820459 10 1 1
11.2171189979123 10 1 1
11.1670146137787 10 1 1
11.1169102296451 10 1 1
11.0668058455115 10 1 1
11.0167014613779 10 1 1
10.9665970772443 10 1 1
10.9164926931106 10 1 1
10.8663883089770 10 1 1
10.8162839248434 10 1 1
10.7661795407098 10 1 1
10.7160751565762 10 1 1
10.6659707724426 10 1 1
10.6158663883090 10 1 1
10.5657620041754 10 1 1
10.5156576200418 10 1 1
10.4655532359081 10 1 1
10.4154488517745 10 1 1
10.3653444676409 10 1 1
10.3152400835073 10 1 1
10.2651356993737 10 1 1
10.2150313152401 10 1 1
10.1649269311065 10 1 1
10.1148225469729 10 1 1
10.0647181628392 10 1 1
10.0146137787056 10 1 1
9.96450939457203 10 1 1
9.91440501043842 10 1 1
9.86430062630480 10 1 1
9.81419624217119 10 1 1
9.76409185803758 10 1 1
9.71398747390397 10 1 1
9.66388308977036 10 1 1
9.61377870563674 10 1 1
9.56367432150313 10 1 1
9.51356993736952 10 1 1
9.46346555323591 10 1 1
9.41336116910230 10 1 1
9.36325678496868 10 1 1
9.31315240083507 10 1 1
9.26304801670146 10 1 1
9.21294363256785 10 1 1
9.16283924843424 10 1 1
9.11273486430063 10 1 1
9.06263048016702 10 1 1
9.01252609603341 10 1 1
8.96242171189979 10 1 1
8.91231732776618 10 1 1
8.86221294363257 10 1 1
8.81210855949896 10 1 1
8.76200417536535 10 1 1
8.71189979123173 10 1 1
8.66179540709812 10 1 1
8.61169102296451 10 1 1
8.56158663883090 10 1 1
8.51148225469729 10 1 1
8.46137787056367 10 1 1
8.41127348643006 10 1 1
8.36116910229645 10 1 1
8.31106471816284 10 1 1
8.26096033402923 10 1 1
8.21085594989562 10 1 1
8.16075156576201 10 1 1
8.11064718162839 10 1 1
8.06054279749478 10 1 1
8.01043841336117 10 1 1
7.96033402922756 10 1 1
7.91022964509395 10 1 1
7.86012526096033 10 1 1
7.81002087682672 10 1 1
7.75991649269311 10 1 1
7.70981210855950 10 1 1
7.65970772442589 10 1 1
7.60960334029227 10 1 1
7.55949895615866 10 1 1
7.50939457202505 10 1 1
7.45929018789144 10 1 1
7.40918580375783 10 1 1
7.35908141962422 10 1 1
7.30897703549061 10 1 1
7.25887265135700 10 1 1
7.20876826722338 10 1 1
7.15866388308977 10 1 1
7.10855949895616 10 1 1
7.05845511482255 10 1 1
7.00835073068894 10 1 1
6.95824634655532 10 1 1
6.90814196242171 10 1 1
6.85803757828810 10 1 1
6.80793319415449 10 1 1
6.75782881002088 10 1 1
6.70772442588726 10 1 1
6.65762004175365 10 1 1
6.60751565762004 10 1 1
6.55741127348643 10 1 1
6.50730688935282 10 1 1
6.45720250521921 10 1 1
6.40709812108560 10 1 1
6.35699373695199 10 1 1
6.30688935281837 10 1 1
6.25678496868476 10 1 1
6.20668058455115 10 1 1
6.15657620041754 10 1 1
6.10647181628393 10 1 1
6.05636743215031 10 1 1
6.00626304801670 10 1 1
5.95615866388309 10 1 1
5.90605427974948 10 1 1
5.85594989561587 10 1 1
5.80584551148225 10 1 1
5.75574112734864 10 1 1
5.70563674321503 10 1 1
5.65553235908142 10 1 1
5.60542797494781 10 1 1
5.55532359081420 10 1 1
5.50521920668059 10 1 1
5.45511482254697 10 1 1
5.40501043841336 10 1 1
5.35490605427975 10 1 1
5.30480167014614 10 1 1
5.25469728601253 10 1 1
5.20459290187891 10 1 1
5.15448851774530 10 1 1
5.10438413361169 10 1 1
5.05427974947808 10 1 1
5.00417536534447 10 1 1
4.95407098121085 10 1 1
4.90396659707724 10 1 1
4.85386221294363 10 1 1
4.80375782881002 10 1 1
4.75365344467641 10 1 1
4.70354906054280 10 1 1
4.65344467640919 10 1 1
4.60334029227558 10 1 1
4.55323590814196 10 1 1
4.50313152400835 10 1 1
4.45302713987474 10 1 1
4.40292275574113 10 1 1
4.35281837160752 10 1 1
4.30271398747390 10 1 1
4.25260960334029 10 1 1
4.20250521920668 10 1 1
4.15240083507307 10 1 1
4.10229645093946 10 1 1
4.05219206680584 10 1 1
4.00208768267223 10 1 1
3.95198329853862 10 1 1
3.90187891440501 10 1 1
3.85177453027140 10 1 1
3.80167014613779 10 1 1
3.75156576200418 10 1 1
3.70146137787057 10 1 1
3.65135699373695 10 1 1
3.60125260960334 10 1 1
3.55114822546973 10 1 1
3.50104384133612 10 1 1
3.45093945720251 10 1 1
3.40083507306889 10 1 1
3.35073068893528 10 1 1
3.30062630480167 10 1 1
3.25052192066806 10 1 1
3.20041753653445 10 1 1
3.15031315240083 10 1 1
3.10020876826722 10 1 1
3.05010438413361 10 1 1
3 10 1 1
3 10 1 1
2.96040124256772 9.99973864501723 1 1
2.92080938469049 9.99895462560655 1 1
2.88123132472119 9.99764807837286 1 1
2.84167395860861 9.99581923096460 1 1
2.80214417869591 9.99346840203402 1 1
2.76264887251973 9.99059600118168 1 1
2.72319492161009 9.98720252888510 1 1
2.68378920029146 9.98328857641156 1 1
2.64443857448489 9.97885482571502 1 1
2.60514990051182 9.97390204931739 1 1
2.56593002389938 9.96843111017386 1 1
2.52678577818769 9.96244296152256 1 1
2.48772398373919 9.95593864671849 1 1
2.44875144655029 9.94891929905171 1 1
2.40987495706552 9.94138614154986 1 1
2.37110128899436 9.93334048676512 1 1
2.33243719813106 9.92478373654547 1 1
2.29388942117747 9.91571738179044 1 1
2.25546467456933 9.90614300219137 1 1
2.21716965330595 9.89606226595612 1 1
2.17901102978375 9.88547692951846 1 1
2.14099545263366 9.87438883723200 1 1
2.10312954556269 9.86279992104887 1 1
2.06541990619983 9.85071220018305 1 1
2.02787310494650 9.83812778075858 1 1
1.99049568383178 9.82504885544264 1 1
1.95329415537250 9.81147770306340 1 1
1.91627500143854 9.79741668821307 1 1
1.87944467212347 9.78286826083584 1 1
1.84280958462066 9.76783495580105 1 1
1.80637612210524 9.75231939246147 1 1
1.77015063262184 9.73632427419696 1 1
1.73413942797859 9.71985238794344 1 1
1.69834878264733 9.70290660370726 1 1
1.66278493267039 9.68548987406519 1 1
1.62745407457403 9.66760523364994 1 1
1.59236236428880 9.64925579862145 1 1
1.55751591607692 9.63044476612390 1 1
1.52292080146697 9.61117541372866 1 1
1.48858304819601 9.59145109886325 1 1
1.45450863915931 9.57127525822632 1 1
1.42070351136793 9.55065140718884 1 1
1.38717355491427 9.52958313918166 1 1
1.35392461194578 9.50807412506930 1 1
1.32096247564708 9.48612811251046 1 1
1.28829288923054 9.46374892530494 1 1
1.25592154493562 9.44094046272748 1 1
1.22385408303709 9.41770669884830 1 1
1.19209609086223 9.39405168184072 1 1
1.16065310181739 9.36997953327576 1 1
1.12953059442380 9.34549444740409 1 1
1.09873399136305 9.32060069042516 1 1
1.06826865853225 9.29530259974392 1 1
1.03813990410910 9.26960458321509 1 1
1.00835297762697 9.24351111837509 1 1
0.978913069060329 9.21702675166198 1 1
0.949825307920354 9.19015609762321 1 1
0.921094762361260 9.16290383811167 1 1
0.892726438297204 9.13527472146991 1 1
0.864725278530087 9.10727356170280 1 1
0.837096161888325 9.07890523763874 1 1
0.809843902376790 9.05017469207965 1 1
0.782973248338022 9.02108693093967 1 1
0.756488881624907 8.99164702237303 1 1
0.730395416784913 8.96186009589091 1 1
0.704697400256076 8.93173134146775 1 1
0.679399309574841 8.90126600863695 1 1
0.654505552595911 8.87046940557620 1 1
0.630020466724236 8.83934689818261 1 1
0.605948318159282 8.80790390913777 1 1
0.582293301151696 8.77614591696291 1 1
0.559059537272519 8.74407845506438 1 1
0.536251074695060 8.71170711076947 1 1
0.513871887489544 8.67903752435293 1 1
0.491925874930699 8.64607538805422 1 1
0.470416860818344 8.61282644508573 1 1
0.449348592811158 8.57929648863207 1 1
0.428724741773685 8.54549136084069 1 1
0.408548901136752 8.51141695180399 1 1
0.388824586271341 8.47707919853303 1 1
0.369555233876104 8.44248408392308 1 1
0.350744201378548 8.40763763571120 1 1
0.332394766350057 8.37254592542597 1 1
0.314510125934813 8.33721506732961 1 1
0.297093396292743 8.30165121735267 1 1
0.280147612056562 8.26586057202141 1 1
0.263675725803037 8.22984936737816 1 1
0.247680607538532 8.19362387789476 1 1
0.232165044198951 8.15719041537934 1 1
0.217131739164157 8.12055532787653 1 1
0.202583311786932 8.08372499856146 1 1
0.188522296936604 8.04670584462750 1 1
0.174951144557365 8.00950431616822 1 1
0.161872219241416 7.97212689505350 1 1
0.149287799816955 7.93458009380017 1 1
0.137200078951131 7.89687045443731 1 1
0.125611162767996 7.85900454736634 1 1
0.114523070481543 7.82098897021625 1 1
0.103937734043884 7.78283034669405 1 1
0.0938569978086346 7.74453532543067 1 1
0.0842826182095573 7.70611057882253 1 1
0.0752162634545290 7.66756280186894 1 1
0.0666595132348777 7.62889871100564 1 1
0.0586138584501401 7.59012504293449 1 1
0.0510807009482948 7.55124855344971 1 1
0.0440613532815077 7.51227601626081 1 1
0.0375570384774386 7.47321422181231 1 1
0.0315688898261417 7.43406997610062 1 1
0.0260979506826096 7.39485009948818 1 1
0.0211451742849800 7.35556142551511 1 1
0.0167114235884451 7.31621079970855 1 1
0.0127974711148964 7.27680507838991 1 1
0.00940399881832210 7.23735112748028 1 1
0.00653159796598413 7.19785582130409 1 1
0.00418076903539921 7.15832604139139 1 1
0.00235192162713727 7.11876867527881 1 1
0.00104537439345354 7.07919061530951 1 1
0.000261354982768136 7.03959875743228 1 1
0 7 1 1
0 7 1 1
0 6.94982078853047 1 1
0 6.89964157706093 1 1
0 6.84946236559140 1 1
0 6.79928315412186 1 1
0 6.74910394265233 1 1
0 6.69892473118280 1 1
0 6.64874551971326 1 1
0 6.59856630824373 1 1
0 6.54838709677419 1 1
0 6.49820788530466 1 1
0 6.44802867383513 1 1
0 6.39784946236559 1 1
0 6.34767025089606 1 1
0 6.29749103942652 1 1
0 6.24731182795699 1 1
0 6.19713261648746 1 1
0 6.14695340501792 1 1
0 6.09677419354839 1 1
0 6.04659498207885 1 1
0 5.99641577060932 1 1
0 5.94623655913979 1 1
0 5.89605734767025 1 1
0 5.84587813620072 1 1
0 5.79569892473118 1 1
0 5.74551971326165 1 1
0 5.69534050179212 1 1
0 5.64516129032258 1 1
0 5.59498207885305 1 1
0 5.54480286738351 1 1
0 5.49462365591398 1 1
0 5.44444444444445 1 1
0 5.39426523297491 1 1
0 5.34408602150538 1 1
0 5.29390681003584 1 1
0 5.24372759856631 1 1
0 5.19354838709677 1 1
0 5.14336917562724 1 1
0 5.09318996415771 1 1
0 5.04301075268817 1 1
0 4.99283154121864 1 1
0 4.94265232974910 1 1
0 4.89247311827957 1 1
0 4.84229390681004 1 1
0 4.79211469534050 1 1
0 4.74193548387097 1 1
0 4.69175627240143 1 1
0 4.64157706093190 1 1
0 4.59139784946237 1 1
0 4.54121863799283 1 1
0 4.49103942652330 1 1
0 4.44086021505376 1 1
0 4.39068100358423 1 1
0 4.34050179211470 1 1
0 4.29032258064516 1 1
0 4.24014336917563 1 1
0 4.18996415770609 1 1
0 4.13978494623656 1 1
0 4.08960573476703 1 1
0 4.03942652329749 1 1
0 3.98924731182796 1 1
0 3.93906810035842 1 1
0 3.88888888888889 1 1
0 3.83870967741936 1 1
0 3.78853046594982 1 1
0 3.73835125448029 1 1
0 3.68817204301075 1 1
0 3.63799283154122 1 1
0 3.58781362007169 1 1
0 3.53763440860215 1 1
0 3.48745519713262 1 1
0 3.43727598566308 1 1
0 3.38709677419355 1 1
0 3.33691756272401 1 1
0 3.28673835125448 1 1
0 3.23655913978495 1 1
0 3.18637992831541 1 1
0 3.13620071684588 1 1
0 3.08602150537634 1 1
0 3.03584229390681 1 1
0 2.98566308243728 1 1
0 2.93548387096774 1 1
0 2.88530465949821 1 1
0 2.83512544802867 1 1
0 2.78494623655914 1 1
0 2.73476702508961 1 1
0 2.68458781362007 1 1
0 2.63440860215054 1 1
0 2.58422939068100 1 1
0 2.53405017921147 1 1
0 2.48387096774194 1 1
0 2.43369175627240 1 1
0 2.38351254480287 1 1
0 2.33333333333333 1 1
0 2.28315412186380 1 1
0 2.23297491039427 1 1
0 2.18279569892473 1 1
0 2.13261648745520 1 1
0 2.08243727598566 1 1
0 2.03225806451613 1 1
0 1.98207885304660 1 1
0 1.93189964157706 1 1
0 1.88172043010753 1 1
0 1.83154121863799 1 1
0 1.78136200716846 1 1
0 1.73118279569892 1 1
0 1.68100358422939 1 1
0 1.63082437275986 1 1
0 1.58064516129032 1 1
0 1.53046594982079 1 1
0 1.48028673835125 1 1
0 1.43010752688172 1 1
0 1.37992831541219 1 1
0 1.32974910394265 1 1
0 1.27956989247312 1 1
0 1.22939068100358 1 1
0 1.17921146953405 1 1
0 1.12903225806452 1 1
0 1.07885304659498 1 1
0 1.02867383512545 1 1
0 0.978494623655914 1 1
0 0.928315412186380 1 1
0 0.878136200716846 1 1
0 0.827956989247312 1 1
0 0.777777777777778 1 1
0 0.727598566308244 1 1
0 0.677419354838710 1 1
0 0.627240143369176 1 1
0 0.577060931899642 1 1
0 0.526881720430108 1 1
0 0.476702508960574 1 1
0 0.426523297491039 1 1
0 0.376344086021505 1 1
0 0.326164874551971 1 1
0 0.275985663082437 1 1
0 0.225806451612903 1 1
0 0.175627240143369 1 1
0 0.125448028673835 1 1
0 0.0752688172043011 1 1
0 0.0250896057347670 1 1
0 -0.0250896057347670 1 1
0 -0.0752688172043011 1 1
0 -0.125448028673835 1 1
0 -0.175627240143369 1 1
0 -0.225806451612903 1 1
0 -0.275985663082437 1 1
0 -0.326164874551971 1 1
0 -0.376344086021505 1 1
0 -0.426523297491039 1 1
0 -0.476702508960574 1 1
0 -0.526881720430108 1 1
0 -0.577060931899642 1 1
0 -0.627240143369176 1 1
0 -0.677419354838710 1 1
0 -0.727598566308244 1 1
0 -0.777777777777778 1 1
0 -0.827956989247312 1 1
0 -0.878136200716846 1 1
0 -0.928315412186380 1 1
0 -0.978494623655914 1 1
0 -1.02867383512545 1 1
0 -1.07885304659498 1 1
0 -1.12903225806452 1 1
0 -1.17921146953405 1 1
0 -1.22939068100358 1 1
0 -1.27956989247312 1 1
0 -1.32974910394265 1 1
0 -1.37992831541219 1 1
0 -1.43010752688172 1 1
0 -1.48028673835125 1 1
0 -1.53046594982079 1 1
0 -1.58064516129032 1 1
0 -1.63082437275986 1 1
0 -1.68100358422939 1 1
0 -1.73118279569892 1 1
0 -1.78136200716846 1 1
0 -1.83154121863799 1 1
0 -1.88172043010753 1 1
0 -1.93189964157706 1 1
0 -1.98207885304660 1 1
0 -2.03225806451613 1 1
0 -2.08243727598566 1 1
0 -2.13261648745520 1 1
0 -2.18279569892473 1 1
0 -2.23297491039427 1 1
0 -2.28315412186380 1 1
0 -2.33333333333333 1 1
0 -2.38351254480287 1 1
0 -2.43369175627240 1 1
0 -2.48387096774194 1 1
0 -2.53405017921147 1 1
0 -2.58422939068100 1 1
0 -2.63440860215054 1 1
0 -2.68458781362007 1 1
0 -2.73476702508961 1 1
0 -2.78494623655914 1 1
0 -2.83512544802867 1 1
0 -2.88530465949821 1 1
0 -2.93548387096774 1 1
0 -2.98566308243728 1 1
0 -3.03584229390681 1 1
0 -3.08602150537634 1 1
0 -3.13620071684588 1 1
0 -3.18637992831541 1 1
0 -3.23655913978495 1 1
0 -3.28673835125448 1 1
0 -3.33691756272401 1 1
0 -3.38709677419355 1 1
0 -3.43727598566308 1 1
0 -3.48745519713262 1 1
0 -3.53763440860215 1 1
0 -3.58781362007169 1 1
0 -3.63799283154122 1 1
0 -3.68817204301075 1 1
0 -3.73835125448029 1 1
0 -3.78853046594982 1 1
0 -3.83870967741936 1 1
0 -3.88888888888889 1 1
0 -3.93906810035842 1 1
0 -3.98924731182796 1 1
0 -4.03942652329749 1 1
0 -4.08960573476703 1 1
0 -4.13978494623656 1 1
0 -4.18996415770609 1 1
0 -4.24014336917563 1 1
0 -4.29032258064516 1 1
0 -4.34050179211470 1 1
0 -4.39068100358423 1 1
0 -4.44086021505376 1 1
0 -4.49103942652330 1 1
0 -4.54121863799283 1 1
0 -4.59139784946237 1 1
0 -4.64157706093190 1 1
0 -4.69175627240143 1 1
0 -4.74193548387097 1 1
0 -4.79211469534050 1 1
0 -4.84229390681004 1 1
0 -4.89247311827957 1 1
0 -4.94265232974910 1 1
0 -4.99283154121864 1 1
0 -5.04301075268817 1 1
0 -5.09318996415771 1 1
0 -5.14336917562724 1 1
0 -5.19354838709677 1 1
0 -5.24372759856631 1 1
0 -5.29390681003584 1 1
0 -5.34408602150538 1 1
0 -5.39426523297491 1 1
0 -5.44444444444445 1 1
0 -5.49462365591398 1 1
0 -5.54480286738351 1 1
0 -5.59498207885305 1 1
0 -5.64516129032258 1 1
0 -5.69534050179212 1 1
0 -5.74551971326165 1 1
0 -5.79569892473118 1 1
0 -5.84587813620072 1 1
0 -5.89605734767025 1 1
0 -5.94623655913979 1 1
0 -5.99641577060932 1 1
0 -6.04659498207885 1 1
0 -6.09677419354839 1 1
0 -6.14695340501792 1 1
0 -6.19713261648746 1 1
0 -6.24731182795699 1 1
0 -6.29749103942652 1 1
0 -6.34767025089606 1 1
0 -6.39784946236559 1 1
0 -6.44802867383513 1 1
0 -6.49820788530466 1 1
0 -6.54838709677419 1 1
0 -6.59856630824373 1 1
0 -6.64874551971326 1 1
0 -6.69892473118280 1 1
0 -6.74910394265233 1 1
0 -6.79928315412186 1 1
0 -6.84946236559140 1 1
0 -6.89964157706093 1 1
0 -6.94982078853047 1 1
0 -7 1 1
0 -7 1 1
0.000261354982768136 -7.03959875743228 1 1
0.00104537439345354 -7.07919061530951 1 1
0.00235192162713727 -7.11876867527881 1 1
0.00418076903539921 -7.15832604139139 1 1
0.00653159796598413 -7.19785582130409 1 1
0.00940399881832210 -7.23735112748028 1 1
0.0127974711148964 -7.27680507838991 1 1
0.0167114235884451 -7.31621079970855 1 1
0.0211451742849800 -7.35556142551511 1 1
0.0260979506826096 -7.39485009948818 1 1
0.0315688898261417 -7.43406997610062 1 1
0.0375570384774382 -7.47321422181231 1 1
0.0440613532815077 -7.51227601626081 1 1
0.0510807009482948 -7.55124855344971 1 1
0.0586138584501401 -7.59012504293449 1 1
0.0666595132348777 -7.62889871100564 1 1
0.0752162634545290 -7.66756280186894 1 1
0.0842826182095573 -7.70611057882253 1 1
0.0938569978086346 -7.74453532543067 1 1
0.103937734043884 -7.78283034669405 1 1
0.114523070481543 -7.82098897021625 1 1
0.125611162767996 -7.85900454736634 1 1
0.137200078951131 -7.89687045443731 1 1
0.149287799816956 -7.93458009380018 1 1
0.161872219241416 -7.97212689505350 1 1
0.174951144557365 -8.00950431616822 1 1
0.188522296936604 -8.04670584462750 1 1
0.202583311786932 -8.08372499856146 1 1
0.217131739164157 -8.12055532787653 1 1
0.232165044198951 -8.15719041537934 1 1
0.247680607538531 -8.19362387789476 1 1
0.263675725803037 -8.22984936737816 1 1
0.280147612056562 -8.26586057202141 1 1
0.297093396292743 -8.30165121735267 1 1
0.314510125934813 -8.33721506732961 1 1
0.332394766350057 -8.37254592542597 1 1
0.350744201378548 -8.40763763571120 1 1
0.369555233876104 -8.44248408392308 1 1
0.388824586271342 -8.47707919853303 1 1
0.408548901136752 -8.51141695180399 1 1
0.428724741773685 -8.54549136084069 1 1
0.449348592811158 -8.57929648863207 1 1
0.470416860818344 -8.61282644508573 1 1
0.491925874930698 -8.64607538805422 1 1
0.513871887489544 -8.67903752435293 1 1
0.536251074695059 -8.71170711076947 1 1
0.559059537272519 -8.74407845506438 1 1
0.582293301151696 -8.77614591696291 1 1
0.605948318159282 -8.80790390913777 1 1
0.630020466724236 -8.83934689818261 1 1
0.654505552595911 -8.87046940557620 1 1
0.679399309574841 -8.90126600863695 1 1
0.704697400256076 -8.93173134146775 1 1
0.730395416784913 -8.96186009589091 1 1
0.756488881624907 -8.99164702237303 1 1
0.782973248338023 -9.02108693093967 1 1
0.809843902376790 -9.05017469207965 1 1
0.837096161888326 -9.07890523763874 1 1
0.864725278530087 -9.10727356170280 1 1
0.892726438297204 -9.13527472146991 1 1
0.921094762361260 -9.16290383811167 1 1
0.949825307920354 -9.19015609762321 1 1
0.978913069060329 -9.21702675166198 1 1
1.00835297762697 -9.24351111837509 1 1
1.03813990410910 -9.26960458321509 1 1
1.06826865853225 -9.29530259974392 1 1
1.09873399136305 -9.32060069042516 1 1
1.12953059442380 -9.34549444740409 1 1
1.16065310181739 -9.36997953327576 1 1
1.19209609086223 -9.39405168184072 1 1
1.22385408303709 -9.41770669884830 1 1
1.25592154493562 -9.44094046272748 1 1
1.28829288923053 -9.46374892530494 1 1
1.32096247564708 -9.48612811251046 1 1
1.35392461194578 -9.50807412506930 1 1
1.38717355491427 -9.52958313918166 1 1
1.42070351136793 -9.55065140718884 1 1
1.45450863915931 -9.57127525822632 1 1
1.48858304819601 -9.59145109886325 1 1
1.52292080146697 -9.61117541372866 1 1
1.55751591607692 -9.63044476612390 1 1
1.59236236428880 -9.64925579862145 1 1
1.62745407457403 -9.66760523364994 1 1
1.66278493267039 -9.68548987406519 1 1
1.69834878264733 -9.70290660370726 1 1
1.73413942797859 -9.71985238794344 1 1
1.77015063262184 -9.73632427419696 1 1
1.80637612210524 -9.75231939246147 1 1
1.84280958462066 -9.76783495580105 1 1
1.87944467212347 -9.78286826083584 1 1
1.91627500143854 -9.79741668821307 1 1
1.95329415537250 -9.81147770306340 1 1
1.99049568383178 -9.82504885544264 1 1
2.02787310494650 -9.83812778075858 1 1
2.06541990619983 -9.85071220018305 1 1
2.10312954556269 -9.86279992104887 1 1
2.14099545263366 -9.87438883723200 1 1
2.17901102978375 -9.88547692951846 1 1
2.21716965330595 -9.89606226595612 1 1
2.25546467456933 -9.90614300219137 1 1
2.29388942117747 -9.91571738179044 1 1
2.33243719813106 -9.92478373654547 1 1
2.37110128899436 -9.93334048676512 1 1
2.40987495706552 -9.94138614154986 1 1
2.44875144655029 -9.94891929905171 1 1
2.48772398373919 -9.95593864671849 1 1
2.52678577818769 -9.96244296152256 1 1
2.56593002389938 -9.96843111017386 1 1
2.60514990051182 -9.97390204931739 1 1
2.64443857448489 -9.97885482571502 1 1
2.68378920029146 -9.98328857641156 1 1
2.72319492161009 -9.98720252888510 1 1
2.76264887251973 -9.99059600118168 1 1
2.80214417869591 -9.99346840203402 1 1
2.84167395860861 -9.99581923096460 1 1
2.88123132472119 -9.99764807837286 1 1
2.92080938469049 -9.99895462560655 1 1
2.96040124256772 -9.99973864501723 1 1
3 -10 1 1
3 -10 1 1
3.05035971223022 -10 1 1
3.10071942446043 -10 1 1
3.15107913669065 -10 1 1
3.20143884892086 -10 1 1
3.25179856115108 -10 1 1
3.30215827338130 -10 1 1
3.35251798561151 -10 1 1
3.40287769784173 -10 1 1
3.45323741007194 -10 1 1
3.50359712230216 -10 1 1
3.55395683453237 -10 1 1
3.60431654676259 -10 1 1
3.65467625899281 -10 1 1
3.70503597122302 -10 1 1
3.75539568345324 -10 1 1
3.80575539568345 -10 1 1
3.85611510791367 -10 1 1
3.90647482014389 -10 1 1
3.95683453237410 -10 1 1
4.00719424460432 -10 1 1
4.05755395683453 -10 1 1
4.10791366906475 -10 1 1
4.15827338129496 -10 1 1
4.20863309352518 -10 1 1
4.25899280575540 -10 1 1
4.30935251798561 -10 1 1
4.35971223021583 -10 1 1
4.41007194244604 -10 1 1
4.46043165467626 -10 1 1
4.51079136690647 -10 1 1
4.56115107913669 -10 1 1
4.61151079136691 -10 1 1
4.66187050359712 -10 1 1
4.71223021582734 -10 1 1
4.76258992805755 -10 1 1
4.81294964028777 -10 1 1
4.86330935251799 -10 1 1
4.91366906474820 -10 1 1
4.96402877697842 -10 1 1
5.01438848920863 -10 1 1
5.06474820143885 -10 1 1
5.11510791366907 -10 1 1
5.16546762589928 -10 1 1
5.21582733812950 -10 1 1
5.26618705035971 -10 1 1
5.31654676258993 -10 1 1
5.36690647482014 -10 1 1
5.41726618705036 -10 1 1
5.46762589928058 -10 1 1
5.51798561151079 -10 1 1
5.56834532374101 -10 1 1
5.61870503597122 -10 1 1
5.66906474820144 -10 1 1
5.71942446043166 -10 1 1
5.76978417266187 -10 1 1
5.82014388489209 -10 1 1
5.87050359712230 -10 1 1
5.92086330935252 -10 1 1
5.97122302158273 -10 1 1
6.02158273381295 -10 1 1
6.07194244604317 -10 1 1
6.12230215827338 -10 1 1
6.17266187050360 -10 1 1
6.22302158273381 -10 1 1
6.27338129496403 -10 1 1
6.32374100719425 -10 1 1
6.37410071942446 -10 1 1
6.42446043165468 -10 1 1
6.47482014388489 -10 1 1
6.52517985611511 -10 1 1
6.57553956834532 -10 1 1
6.62589928057554 -10 1 1
6.67625899280576 -10 1 1
6.72661870503597 -10 1 1
6.77697841726619 -10 1 1
6.82733812949640 -10 1 1
6.87769784172662 -10 1 1
6.92805755395684 -10 1 1
6.97841726618705 -10 1 1
7.02877697841727 -10 1 1
7.07913669064748 -10 1 1
7.12949640287770 -10 1 1
7.17985611510791 -10 1 1
7.23021582733813 -10 1 1
7.28057553956835 -10 1 1
7.33093525179856 -10 1 1
7.38129496402878 -10 1 1
7.43165467625899 -10 1 1
7.48201438848921 -10 1 1
7.53237410071943 -10 1 1
7.58273381294964 -10 1 1
7.63309352517986 -10 1 1
7.68345323741007 -10 1 1
7.73381294964029 -10 1 1
7.78417266187050 -10 1 1
7.83453237410072 -10 1 1
7.88489208633094 -10 1 1
7.93525179856115 -10 1 1
7.98561151079137 -10 1 1
8.03597122302158 -10 1 1
8.08633093525180 -10 1 1
8.13669064748201 -10 1 1
8.18705035971223 -10 1 1
8.23741007194245 -10 1 1
8.28776978417266 -10 1 1
8.33812949640288 -10 1 1
8.38848920863309 -10 1 1
8.43884892086331 -10 1 1
8.48920863309353 -10 1 1
8.53956834532374 -10 1 1
8.58992805755396 -10 1 1
8.64028776978417 -10 1 1
8.69064748201439 -10 1 1
8.74100719424460 -10 1 1
8.79136690647482 -10 1 1
8.84172661870504 -10 1 1
8.89208633093525 -10 1 1
8.94244604316547 -10 1 1
8.99280575539568 -10 1 1
9.04316546762590 -10 1 1
9.09352517985612 -10 1 1
9.14388489208633 -10 1 1
9.19424460431655 -10 1 1
9.24460431654676 -10 1 1
9.29496402877698 -10 1 1
9.34532374100719 -10 1 1
9.39568345323741 -10 1 1
9.44604316546763 -10 1 1
9.49640287769784 -10 1 1
9.54676258992806 -10 1 1
9.59712230215827 -10 1 1
9.64748201438849 -10 1 1
9.69784172661871 -10 1 1
9.74820143884892 -10 1 1
9.79856115107914 -10 1 1
9.84892086330935 -10 1 1
9.89928057553957 -10 1 1
9.94964028776979 -10 1 1
10 -10 1 1