-176 -818 1 1
-176 -818 1 1
-176 -818 1 1
-176 -818 1 1
-176 -818 1 1
-176 -818 1 1
-176 -818 1 1
-176 -816 1 1
-176 -816 1 1
-176 -816 1 1
-176 -816 1 1
-176 -816 1 1
-176 -816 1 1
-176 -816 1 1
-176 -814 1 1
-176 -814 1 1
-176 -814 1 1
-176 -814 1 1
-176 -814 1 1
-176 -814 1 1
-176 -814 1 1
-176 -812 1 1
-176 -812 1 1
-176 -812 1 1
-176 -812 1 1
-176 -812 1 1
-176 -812 1 1
-176 -812 1 1
-176 -810 1 1
-176 -810 1 1
-176 -810 1 1
-176 -810 1 1
-176 -810 1 1
-176 -810 1 1
-176 -810 1 1
-176 -808 1 1
-176 -808 1 1
-176 -808 1 1
-176 -808 1 1
-176 -808 1 1
-176 -808 1 1
-176 -808 1 1
-176 -806 1 1
-176 -806 1 1
-176 -806 1 1
-176 -806 1 1
-176 -806 1 1
-176 -806 1 1
-176 -806 1 1
-176 -804 1 1
-176 -804 1 1
-176 -804 1 1
-176 -804 1 1
-176 -804 1 1
-176 -804 1 1
-176 -804 1 1
-176 -802 1 1
-176 -802 1 1
-176 -802 1 1
-176 -802 1 1
-176 -802 1 1
-176 -802 1 1
-176 -802 1 1
-176 -800 1 1
-176 -800 1 1
-176 -800 1 1
-176 -800 1 1
-176 -800 1 1
-176 -800 1 1
-176 -800 1 1
-176 -798 1 1
-176 -798 1 1
-176 -798 1 1
-176 -798 1 1
-176 -798 1 1
-176 -798 1 1
-176 -798 1 1
-176 -796 1 1
-176 -796 1 1
-176 -796 1 1
-176 -796 1 1
-176 -796 1 1
-176 -796 1 1
-176 -796 1 1
-175.900033405604 -794.003334999562 1 1
-175.900033405604 -794.003334999562 1 1
-175.900033405604 -794.003334999562 1 1
-175.900033405604 -794.003334999562 1 1
-175.900033405604 -794.003334999562 1 1
-175.900033405604 -794.003334999562 1 1
-175.900033405604 -794.003334999562 1 1
-175.601133454330 -792.026639964131 1 1
-175.601133454330 -792.026639964131 1 1
-175.601133454330 -792.026639964131 1 1
-175.601133454330 -792.026639964131 1 1
-175.601133454330 -792.026639964131 1 1
-175.601133454330 -792.026639964131 1 1
-175.601133454330 -792.026639964131 1 1
-175.106289641946 -790.089685125909 1 1
-175.106289641946 -790.089685125909 1 1
-175.106289641946 -790.089685125909 1 1
-175.106289641946 -790.089685125909 1 1
-175.106289641946 -790.089685125909 1 1
-175.106289641946 -790.089685125909 1 1
-175.106289641946 -790.089685125909 1 1
-174.420451228150 -788.211843249144 1 1
-174.420451228150 -788.211843249144 1 1
-174.420451228150 -788.211843249144 1 1
-174.420451228150 -788.211843249144 1 1
-174.420451228150 -788.211843249144 1 1
-174.420451228150 -788.211843249144 1 1
-174.420451228150 -788.211843249144 1 1
-173.550477735757 -786.411895870329 1 1
-173.550477735757 -786.411895870329 1 1
-173.550477735757 -786.411895870329 1 1
-173.550477735757 -786.411895870329 1 1
-173.550477735757 -786.411895870329 1 1
-173.550477735757 -786.411895870329 1 1
-173.550477735757 -786.411895870329 1 1
-172.505070344081 -784.707845451651 1 1
-172.505070344081 -784.707845451651 1 1
-172.505070344081 -784.707845451651 1 1
-172.505070344081 -784.707845451651 1 1
-172.505070344081 -784.707845451651 1 1
-172.505070344081 -784.707845451651 1 1
-172.505070344081 -784.707845451651 1 1
-171.294684862698 -783.116735326478 1 1
-171.294684862698 -783.116735326478 1 1
-171.294684862698 -783.116735326478 1 1
-171.294684862698 -783.116735326478 1 1
-171.294684862698 -783.116735326478 1 1
-171.294684862698 -783.116735326478 1 1
-171.294684862698 -783.116735326478 1 1
-169.931572560757 -781.654331686860 1 1
-169.931572560757 -781.654331686860 1 1
-169.931572560757 -781.654331686860 1 1
-169.931572560757 -781.654331686860 1 1
-169.931572560757 -781.654331686860 1 1
-169.931572560757 -781.654331686860 1 1
-169.931572560757 -781.654331686860 1 1
-168.430010827779 -780.334491997342 1 1
-168.430010827779 -780.334491997342 1 1
-168.430010827779 -780.334491997342 1 1
-168.430010827779 -780.334491997342 1 1
-168.430010827779 -780.334491997342 1 1
-168.430010827779 -780.334491997342 1 1
-168.430010827779 -780.334491997342 1 1
-166.804128349353 -779.171233380218 1 1
-166.804128349353 -779.171233380218 1 1
-166.804128349353 -779.171233380218 1 1
-166.804128349353 -779.171233380218 1 1
-166.804128349353 -779.171233380218 1 1
-166.804128349353 -779.171233380218 1 1
-166.804128349353 -779.171233380218 1 1
-165.070186649665 -778.176190352981 1 1
-165.070186649665 -778.176190352981 1 1
-165.070186649665 -778.176190352981 1 1
-165.070186649665 -778.176190352981 1 1
-165.070186649665 -778.176190352981 1 1
-165.070186649665 -778.176190352981 1 1
-165.070186649665 -778.176190352981 1 1
-163.245528024524 -777.359314997944 1 1
-163.245528024524 -777.359314997944 1 1
-163.245528024524 -777.359314997944 1 1
-163.245528024524 -777.359314997944 1 1
-163.245528024524 -777.359314997944 1 1
-163.245528024524 -777.359314997944 1 1
-163.245528024524 -777.359314997944 1 1
-161.348402089606 -776.728777424891 1 1
-161.348402089606 -776.728777424891 1 1
-161.348402089606 -776.728777424891 1 1
-161.348402089606 -776.728777424891 1 1
-161.348402089606 -776.728777424891 1 1
-161.348402089606 -776.728777424891 1 1
-161.348402089606 -776.728777424891 1 1
-159.397783254002 -776.290884056415 1 1
-159.397783254002 -776.290884056415 1 1
-159.397783254002 -776.290884056415 1 1
-159.397783254002 -776.290884056415 1 1
-159.397783254002 -776.290884056415 1 1
-159.397783254002 -776.290884056415 1 1
-159.397783254002 -776.290884056415 1 1
-157.413180944621 -776.050014553221 1 1
-157.413180944621 -776.050014553221 1 1
-157.413180944621 -776.050014553221 1 1
-157.413180944621 -776.050014553221 1 1
-157.413180944621 -776.050014553221 1 1
-157.413180944621 -776.050014553221 1 1
-157.413180944621 -776.050014553221 1 1
-156 -776.000000000000 1 1
-156 -776.000000000000 1 1
-156 -776.000000000000 1 1
-156 -776.000000000000 1 1
-156 -776.000000000000 1 1
-156 -776.000000000000 1 1
-156 -776.000000000000 1 1
-154.003334999562 -775.900033405604 1 1
-154.003334999562 -775.900033405604 1 1
-154.003334999562 -775.900033405604 1 1
-154.003334999562 -775.900033405604 1 1
-154.003334999562 -775.900033405604 1 1
-154.003334999562 -775.900033405604 1 1
-154.003334999562 -775.900033405604 1 1
-152.026639964131 -775.601133454330 1 1
-152.026639964131 -775.601133454330 1 1
-152.026639964131 -775.601133454330 1 1
-152.026639964131 -775.601133454330 1 1
-152.026639964131 -775.601133454330 1 1
-152.026639964131 -775.601133454330 1 1
-152.026639964131 -775.601133454330 1 1
-150.089685125909 -775.106289641946 1 1
-150.089685125909 -775.106289641946 1 1
-150.089685125909 -775.106289641946 1 1
-150.089685125909 -775.106289641946 1 1
-150.089685125909 -775.106289641946 1 1
-150.089685125909 -775.106289641946 1 1
-150.089685125909 -775.106289641946 1 1
-148.211843249144 -774.420451228150 1 1
-148.211843249144 -774.420451228150 1 1
-148.211843249144 -774.420451228150 1 1
-148.211843249144 -774.420451228150 1 1
-148.211843249144 -774.420451228150 1 1
-148.211843249144 -774.420451228150 1 1
-148.211843249144 -774.420451228150 1 1
-146.411895870329 -773.550477735757 1 1
-146.411895870329 -773.550477735757 1 1
-146.411895870329 -773.550477735757 1 1
-146.411895870329 -773.550477735757 1 1
-146.411895870329 -773.550477735757 1 1
-146.411895870329 -773.550477735757 1 1
-146.411895870329 -773.550477735757 1 1
-144.707845451651 -772.505070344081 1 1
-144.707845451651 -772.505070344081 1 1
-144.707845451651 -772.505070344081 1 1
-144.707845451651 -772.505070344081 1 1
-144.707845451651 -772.505070344081 1 1
-144.707845451651 -772.505070344081 1 1
-144.707845451651 -772.505070344081 1 1
-143.116735326478 -771.294684862698 1 1
-143.116735326478 -771.294684862698 1 1
-143.116735326478 -771.294684862698 1 1
-143.116735326478 -771.294684862698 1 1
-143.116735326478 -771.294684862698 1 1
-143.116735326478 -771.294684862698 1 1
-143.116735326478 -771.294684862698 1 1
-141.654331686860 -769.931572560757 1 1
-141.654331686860 -769.931572560757 1 1
-141.654331686860 -769.931572560757 1 1
-141.654331686860 -769.931572560757 1 1
-141.654331686860 -769.931572560757 1 1
-141.654331686860 -769.931572560757 1 1
-141.654331686860 -769.931572560757 1 1
-140.334491997342 -768.430010827779 1 1
-140.334491997342 -768.430010827779 1 1
-140.334491997342 -768.430010827779 1 1
-140.334491997342 -768.430010827779 1 1
-140.334491997342 -768.430010827779 1 1
-140.334491997342 -768.430010827779 1 1
-140.334491997342 -768.430010827779 1 1
-139.171233380217 -766.804128349353 1 1
-139.171233380217 -766.804128349353 1 1
-139.171233380217 -766.804128349353 1 1
-139.171233380217 -766.804128349353 1 1
-139.171233380217 -766.804128349353 1 1
-139.171233380217 -766.804128349353 1 1
-139.171233380217 -766.804128349353 1 1
-138.176190352981 -765.070186649665 1 1
-138.176190352981 -765.070186649665 1 1
-138.176190352981 -765.070186649665 1 1
-138.176190352981 -765.070186649665 1 1
-138.176190352981 -765.070186649665 1 1
-138.176190352981 -765.070186649665 1 1
-138.176190352981 -765.070186649665 1 1
-137.359314997944 -763.245528024524 1 1
-137.359314997944 -763.245528024524 1 1
-137.359314997944 -763.245528024524 1 1
-137.359314997944 -763.245528024524 1 1
-137.359314997944 -763.245528024524 1 1
-137.359314997944 -763.245528024524 1 1
-137.359314997944 -763.245528024524 1 1
-136.728777424891 -761.348402089606 1 1
-136.728777424891 -761.348402089606 1 1
-136.728777424891 -761.348402089606 1 1
-136.728777424891 -761.348402089606 1 1
-136.728777424891 -761.348402089606 1 1
-136.728777424891 -761.348402089606 1 1
-136.728777424891 -761.348402089606 1 1
-136.290884056415 -759.397783254002 1 1
-136.290884056415 -759.397783254002 1 1
-136.290884056415 -759.397783254002 1 1
-136.290884056415 -759.397783254002 1 1
-136.290884056415 -759.397783254002 1 1
-136.290884056415 -759.397783254002 1 1
-136.290884056415 -759.397783254002 1 1
-136.050014553221 -757.413180944621 1 1
-136.050014553221 -757.413180944621 1 1
-136.050014553221 -757.413180944621 1 1
-136.050014553221 -757.413180944621 1 1
-136.050014553221 -757.413180944621 1 1
-136.050014553221 -757.413180944621 1 1
-136.050014553221 -757.413180944621 1 1
-136 -756 1 1
-136 -756 1 1
-136 -756 1 1
-136 -756 1 1
-136 -756 1 1
-136 -756 1 1
-136 -756 1 1
-136 -754 1 1
-136 -754 1 1
-136 -754 1 1
-136 -754 1 1
-136 -754 1 1
-136 -754 1 1
-136 -754 1 1
-136 -752 1 1
-136 -752 1 1
-136 -752 1 1
-136 -752 1 1
-136 -752 1 1
-136 -752 1 1
-136 -752 1 1
-136 -750 1 1
-136 -750 1 1
-136 -750 1 1
-136 -750 1 1
-136 -750 1 1
-136 -750 1 1
-136 -750 1 1
-136 -748 1 1
-136 -748 1 1
-136 -748 1 1
-136 -748 1 1
-136 -748 1 1
-136 -748 1 1
-136 -748 1 1
-136 -746 1 1
-136 -746 1 1
-136 -746 1 1
-136 -746 1 1
-136 -746 1 1
-136 -746 1 1
-136 -746 1 1
-136 -744 1 1
-136 -744 1 1
-136 -744 1 1
-136 -744 1 1
-136 -744 1 1
-136 -744 1 1
-136 -744 1 1
-136 -742 1 1
-136 -742 1 1
-136 -742 1 1
-136 -742 1 1
-136 -742 1 1
-136 -742 1 1
-136 -742 1 1
-136 -740 1 1
-136 -740 1 1
-136 -740 1 1
-136 -740 1 1
-136 -740 1 1
-136 -740 1 1
-136 -740 1 1
-136 -738 1 1
-136 -738 1 1
-136 -738 1 1
-136 -738 1 1
-136 -738 1 1
-136 -738 1 1
-136 -738 1 1
-136 -736 1 1
-136 -736 1 1
-136 -736 1 1
-136 -736 1 1
-136 -736 1 1
-136 -736 1 1
-136 -736 1 1
-136 -734 1 1
-136 -734 1 1
-136 -734 1 1
-136 -734 1 1
-136 -734 1 1
-136 -734 1 1
-136 -734 1 1
-136 -732 1 1
-136 -732 1 1
-136 -732 1 1
-136 -732 1 1
-136 -732 1 1
-136 -732 1 1
-136 -732 1 1
-136 -730 1 1
-136 -730 1 1
-136 -730 1 1
-136 -730 1 1
-136 -730 1 1
-136 -730 1 1
-136 -730 1 1
-136 -728 1 1
-136 -728 1 1
-136 -728 1 1
-136 -728 1 1
-136 -728 1 1
-136 -728 1 1
-136 -728 1 1
-136 -726 1 1
-136 -726 1 1
-136 -726 1 1
-136 -726 1 1
-136 -726 1 1
-136 -726 1 1
-136 -726 1 1
-136 -724 1 1
-136 -724 1 1
-136 -724 1 1
-136 -724 1 1
-136 -724 1 1
-136 -724 1 1
-136 -724 1 1
-135.900033405604 -722.003334999562 1 1
-135.900033405604 -722.003334999562 1 1
-135.900033405604 -722.003334999562 1 1
-135.900033405604 -722.003334999562 1 1
-135.900033405604 -722.003334999562 1 1
-135.900033405604 -722.003334999562 1 1
-135.900033405604 -722.003334999562 1 1
-135.601133454330 -720.026639964131 1 1
-135.601133454330 -720.026639964131 1 1
-135.601133454330 -720.026639964131 1 1
-135.601133454330 -720.026639964131 1 1
-135.601133454330 -720.026639964131 1 1
-135.601133454330 -720.026639964131 1 1
-135.601133454330 -720.026639964131 1 1
-135.106289641946 -718.089685125909 1 1
-135.106289641946 -718.089685125909 1 1
-135.106289641946 -718.089685125909 1 1
-135.106289641946 -718.089685125909 1 1
-135.106289641946 -718.089685125909 1 1
-135.106289641946 -718.089685125909 1 1
-135.106289641946 -718.089685125909 1 1
-134.420451228150 -716.211843249144 1 1
-134.420451228150 -716.211843249144 1 1
-134.420451228150 -716.211843249144 1 1
-134.420451228150 -716.211843249144 1 1
-134.420451228150 -716.211843249144 1 1
-134.420451228150 -716.211843249144 1 1
-134.420451228150 -716.211843249144 1 1
-133.550477735757 -714.411895870329 1 1
-133.550477735757 -714.411895870329 1 1
-133.550477735757 -714.411895870329 1 1
-133.550477735757 -714.411895870329 1 1
-133.550477735757 -714.411895870329 1 1
-133.550477735757 -714.411895870329 1 1
-133.550477735757 -714.411895870329 1 1
-132.505070344081 -712.707845451651 1 1
-132.505070344081 -712.707845451651 1 1
-132.505070344081 -712.707845451651 1 1
-132.505070344081 -712.707845451651 1 1
-132.505070344081 -712.707845451651 1 1
-132.505070344081 -712.707845451651 1 1
-132.505070344081 -712.707845451651 1 1
-131.294684862698 -711.116735326478 1 1
-131.294684862698 -711.116735326478 1 1
-131.294684862698 -711.116735326478 1 1
-131.294684862698 -711.116735326478 1 1
-131.294684862698 -711.116735326478 1 1
-131.294684862698 -711.116735326478 1 1
-131.294684862698 -711.116735326478 1 1
-129.931572560757 -709.654331686860 1 1
-129.931572560757 -709.654331686860 1 1
-129.931572560757 -709.654331686860 1 1
-129.931572560757 -709.654331686860 1 1
-129.931572560757 -709.654331686860 1 1
-129.931572560757 -709.654331686860 1 1
-129.931572560757 -709.654331686860 1 1
-128.430010827779 -708.334491997342 1 1
-128.430010827779 -708.334491997342 1 1
-128.430010827779 -708.334491997342 1 1
-128.430010827779 -708.334491997342 1 1
-128.430010827779 -708.334491997342 1 1
-128.430010827779 -708.334491997342 1 1
-128.430010827779 -708.334491997342 1 1
-126.804128349353 -707.171233380218 1 1
-126.804128349353 -707.171233380218 1 1
-126.804128349353 -707.171233380218 1 1
-126.804128349353 -707.171233380218 1 1
-126.804128349353 -707.171233380218 1 1
-126.804128349353 -707.171233380218 1 1
-126.804128349353 -707.171233380218 1 1
-125.070186649665 -706.176190352981 1 1
-125.070186649665 -706.176190352981 1 1
-125.070186649665 -706.176190352981 1 1
-125.070186649665 -706.176190352981 1 1
-125.070186649665 -706.176190352981 1 1
-125.070186649665 -706.176190352981 1 1
-125.070186649665 -706.176190352981 1 1
-123.245528024524 -705.359314997944 1 1
-123.245528024524 -705.359314997944 1 1
-123.245528024524 -705.359314997944 1 1
-123.245528024524 -705.359314997944 1 1
-123.245528024524 -705.359314997944 1 1
-123.245528024524 -705.359314997944 1 1
-123.245528024524 -705.359314997944 1 1
-121.348402089606 -704.728777424891 1 1
-121.348402089606 -704.728777424891 1 1
-121.348402089606 -704.728777424891 1 1
-121.348402089606 -704.728777424891 1 1
-121.348402089606 -704.728777424891 1 1
-121.348402089606 -704.728777424891 1 1
-121.348402089606 -704.728777424891 1 1
-119.397783254002 -704.290884056415 1 1
-119.397783254002 -704.290884056415 1 1
-119.397783254002 -704.290884056415 1 1
-119.397783254002 -704.290884056415 1 1
-119.397783254002 -704.290884056415 1 1
-119.397783254002 -704.290884056415 1 1
-119.397783254002 -704.290884056415 1 1
-117.413180944621 -704.050014553221 1 1
-117.413180944621 -704.050014553221 1 1
-117.413180944621 -704.050014553221 1 1
-117.413180944621 -704.050014553221 1 1
-117.413180944621 -704.050014553221 1 1
-117.413180944621 -704.050014553221 1 1
-117.413180944621 -704.050014553221 1 1
-116 -704 1 1
-116 -704 1 1
-116 -704 1 1
-116 -704 1 1
-116 -704 1 1
-116 -704 1 1
-116 -704 1 1
-118 -704 1 1
-118 -704 1 1
-118 -704 1 1
-118 -704 1 1
-118 -704 1 1
-118 -704 1 1
-118 -704 1 1
-120 -704 1 1
-120 -704 1 1
-120 -704 1 1
-120 -704 1 1
-120 -704 1 1
-120 -704 1 1
-120 -704 1 1
-118.003334999562 -703.900033405604 1 1
-118.003334999562 -703.900033405604 1 1
-118.003334999562 -703.900033405604 1 1
-118.003334999562 -703.900033405604 1 1
-118.003334999562 -703.900033405604 1 1
-118.003334999562 -703.900033405604 1 1
-118.003334999562 -703.900033405604 1 1
-116.026639964131 -703.601133454330 1 1
-116.026639964131 -703.601133454330 1 1
-116.026639964131 -703.601133454330 1 1
-116.026639964131 -703.601133454330 1 1
-116.026639964131 -703.601133454330 1 1
-116.026639964131 -703.601133454330 1 1
-116.026639964131 -703.601133454330 1 1
-114.089685125909 -703.106289641946 1 1
-114.089685125909 -703.106289641946 1 1
-114.089685125909 -703.106289641946 1 1
-114.089685125909 -703.106289641946 1 1
-114.089685125909 -703.106289641946 1 1
-114.089685125909 -703.106289641946 1 1
-114.089685125909 -703.106289641946 1 1
-112.211843249144 -702.420451228150 1 1
-112.211843249144 -702.420451228150 1 1
-112.211843249144 -702.420451228150 1 1
-112.211843249144 -702.420451228150 1 1
-112.211843249144 -702.420451228150 1 1
-112.211843249144 -702.420451228150 1 1
-112.211843249144 -702.420451228150 1 1
-110.411895870329 -701.550477735757 1 1
-110.411895870329 -701.550477735757 1 1
-110.411895870329 -701.550477735757 1 1
-110.411895870329 -701.550477735757 1 1
-110.411895870329 -701.550477735757 1 1
-110.411895870329 -701.550477735757 1 1
-110.411895870329 -701.550477735757 1 1
-108.707845451651 -700.505070344081 1 1
-108.707845451651 -700.505070344081 1 1
-108.707845451651 -700.505070344081 1 1
-108.707845451651 -700.505070344081 1 1
-108.707845451651 -700.505070344081 1 1
-108.707845451651 -700.505070344081 1 1
-108.707845451651 -700.505070344081 1 1
-107.116735326478 -699.294684862698 1 1
-107.116735326478 -699.294684862698 1 1
-107.116735326478 -699.294684862698 1 1
-107.116735326478 -699.294684862698 1 1
-107.116735326478 -699.294684862698 1 1
-107.116735326478 -699.294684862698 1 1
-107.116735326478 -699.294684862698 1 1
-105.654331686860 -697.931572560757 1 1
-105.654331686860 -697.931572560757 1 1
-105.654331686860 -697.931572560757 1 1
-105.654331686860 -697.931572560757 1 1
-105.654331686860 -697.931572560757 1 1
-105.654331686860 -697.931572560757 1 1
-105.654331686860 -697.931572560757 1 1
-104.334491997342 -696.430010827779 1 1
-104.334491997342 -696.430010827779 1 1
-104.334491997342 -696.430010827779 1 1
-104.334491997342 -696.430010827779 1 1
-104.334491997342 -696.430010827779 1 1
-104.334491997342 -696.430010827779 1 1
-104.334491997342 -696.430010827779 1 1
-103.171233380217 -694.804128349353 1 1
-103.171233380217 -694.804128349353 1 1
-103.171233380217 -694.804128349353 1 1
-103.171233380217 -694.804128349353 1 1
-103.171233380217 -694.804128349353 1 1
-103.171233380217 -694.804128349353 1 1
-103.171233380217 -694.804128349353 1 1
-102.176190352981 -693.070186649665 1 1
-102.176190352981 -693.070186649665 1 1
-102.176190352981 -693.070186649665 1 1
-102.176190352981 -693.070186649665 1 1
-102.176190352981 -693.070186649665 1 1
-102.176190352981 -693.070186649665 1 1
-102.176190352981 -693.070186649665 1 1
-101.359314997944 -691.245528024524 1 1
-101.359314997944 -691.245528024524 1 1
-101.359314997944 -691.245528024524 1 1
-101.359314997944 -691.245528024524 1 1
-101.359314997944 -691.245528024524 1 1
-101.359314997944 -691.245528024524 1 1
-101.359314997944 -691.245528024524 1 1
-100.728777424891 -689.348402089606 1 1
-100.728777424891 -689.348402089606 1 1
-100.728777424891 -689.348402089606 1 1
-100.728777424891 -689.348402089606 1 1
-100.728777424891 -689.348402089606 1 1
-100.728777424891 -689.348402089606 1 1
-100.728777424891 -689.348402089606 1 1
-100.290884056415 -687.397783254002 1 1
-100.290884056415 -687.397783254002 1 1
-100.290884056415 -687.397783254002 1 1
-100.290884056415 -687.397783254002 1 1
-100.290884056415 -687.397783254002 1 1
-100.290884056415 -687.397783254002 1 1
-100.290884056415 -687.397783254002 1 1
-100.050014553221 -685.413180944621 1 1
-100.050014553221 -685.413180944621 1 1
-100.050014553221 -685.413180944621 1 1
-100.050014553221 -685.413180944621 1 1
-100.050014553221 -685.413180944621 1 1
-100.050014553221 -685.413180944621 1 1
-100.050014553221 -685.413180944621 1 1
-100 -684 1 1
-100 -684 1 1
-100 -684 1 1
-100 -684 1 1
-100 -684 1 1
-100 -684 1 1
-100 -684 1 1
-100 -682 1 1
-100 -682 1 1
-100 -682 1 1
-100 -682 1 1
-100 -682 1 1
-100 -682 1 1
-100 -682 1 1
-100 -680 1 1
-100 -680 1 1
-100 -680 1 1
-100 -680 1 1
-100 -680 1 1
-100 -680 1 1
-100 -680 1 1
-100 -678 1 1
-100 -678 1 1
-100 -678 1 1
-100 -678 1 1
-100 -678 1 1
-100 -678 1 1
-100 -678 1 1
-100 -676 1 1
-100 -676 1 1
-100 -676 1 1
-100 -676 1 1
-100 -676 1 1
-100 -676 1 1
-100 -676 1 1
-100 -674 1 1
-100 -674 1 1
-100 -674 1 1
-100 -674 1 1
-100 -674 1 1
-100 -674 1 1
-100 -674 1 1
-100 -672 1 1
-100 -672 1 1
-100 -672 1 1
-100 -672 1 1
-100 -672 1 1
-100 -672 1 1
-100 -672 1 1
-100 -670 1 1
-100 -670 1 1
-100 -670 1 1
-100 -670 1 1
-100 -670 1 1
-100 -670 1 1
-100 -670 1 1
-100 -668 1 1
-100 -668 1 1
-100 -668 1 1
-100 -668 1 1
-100 -668 1 1
-100 -668 1 1
-100 -668 1 1
-100 -666 1 1
-100 -666 1 1
-100 -666 1 1
-100 -666 1 1
-100 -666 1 1
-100 -666 1 1
-100 -666 1 1
-100 -664 1 1
-100 -664 1 1
-100 -664 1 1
-100 -664 1 1
-100 -664 1 1
-100 -664 1 1
-100 -664 1 1
-100 -662 1 1
-100 -662 1 1
-100 -662 1 1
-100 -662 1 1
-100 -662 1 1
-100 -662 1 1
-100 -662 1 1
-100 -660 1 1
-100 -660 1 1
-100 -660 1 1
-100 -660 1 1
-100 -660 1 1
-100 -660 1 1
-100 -660 1 1
-100 -658 1 1
-100 -658 1 1
-100 -658 1 1
-100 -658 1 1
-100 -658 1 1
-100 -658 1 1
-100 -658 1 1
-100 -656 1 1
-100 -656 1 1
-100 -656 1 1
-100 -656 1 1
-100 -656 1 1
-100 -656 1 1
-100 -656 1 1
-100 -654 1 1
-100 -654 1 1
-100 -654 1 1
-100 -654 1 1
-100 -654 1 1
-100 -654 1 1
-100 -654 1 1
-100 -652 1 1
-100 -652 1 1
-100 -652 1 1
-100 -652 1 1
-100 -652 1 1
-100 -652 1 1
-100 -652 1 1
-100 -650 1 1
-100 -650 1 1
-100 -650 1 1
-100 -650 1 1
-100 -650 1 1
-100 -650 1 1
-100 -650 1 1
-99.9000334056036 -648.003334999562 1 1
-99.9000334056036 -648.003334999562 1 1
-99.9000334056036 -648.003334999562 1 1
-99.9000334056036 -648.003334999562 1 1
-99.9000334056036 -648.003334999562 1 1
-99.9000334056036 -648.003334999562 1 1
-99.9000334056036 -648.003334999562 1 1
-99.6011334543298 -646.026639964131 1 1
-99.6011334543298 -646.026639964131 1 1
-99.6011334543298 -646.026639964131 1 1
-99.6011334543298 -646.026639964131 1 1
-99.6011334543298 -646.026639964131 1 1
-99.6011334543298 -646.026639964131 1 1
-99.6011334543298 -646.026639964131 1 1
-99.1062896419460 -644.089685125908 1 1
-99.1062896419460 -644.089685125908 1 1
-99.1062896419460 -644.089685125908 1 1
-99.1062896419460 -644.089685125908 1 1
-99.1062896419460 -644.089685125908 1 1
-99.1062896419460 -644.089685125908 1 1
-99.1062896419460 -644.089685125908 1 1
-98.4433714073476 -642.203028317504 1 1
-98.4433714073476 -642.203028317504 1 1
-98.4433714073476 -642.203028317504 1 1
-98.4433714073476 -642.203028317504 1 1
-98.4433714073476 -642.203028317504 1 1
-98.4433714073476 -642.203028317504 1 1
-98.4433714073476 -642.203028317504 1 1
-97.7563901172976 -640.324716121110 1 1
-97.7563901172976 -640.324716121110 1 1
-97.7563901172976 -640.324716121110 1 1
-97.7563901172976 -640.324716121110 1 1
-97.7563901172976 -640.324716121110 1 1
-97.7563901172976 -640.324716121110 1 1
-97.7563901172976 -640.324716121110 1 1
-97.0694088272476 -638.446403924716 1 1
-97.0694088272476 -638.446403924716 1 1
-97.0694088272476 -638.446403924716 1 1
-97.0694088272476 -638.446403924716 1 1
-97.0694088272476 -638.446403924716 1 1
-97.0694088272476 -638.446403924716 1 1
-97.0694088272476 -638.446403924716 1 1
-96.3694161852412 -636.573034901122 1 1
-96.3694161852412 -636.573034901122 1 1
-96.3694161852412 -636.573034901122 1 1
-96.3694161852412 -636.573034901122 1 1
-96.3694161852412 -636.573034901122 1 1
-96.3694161852412 -636.573034901122 1 1
-96.3694161852412 -636.573034901122 1 1
-95.5215587632916 -634.762564731245 1 1
-95.5215587632916 -634.762564731245 1 1
-95.5215587632916 -634.762564731245 1 1
-95.5215587632916 -634.762564731245 1 1
-95.5215587632916 -634.762564731245 1 1
-95.5215587632916 -634.762564731245 1 1
-95.5215587632916 -634.762564731245 1 1
-94.4971057933917 -633.045835120494 1 1
-94.4971057933917 -633.045835120494 1 1
-94.4971057933917 -633.045835120494 1 1
-94.4971057933917 -633.045835120494 1 1
-94.4971057933917 -633.045835120494 1 1
-94.4971057933917 -633.045835120494 1 1
-94.4971057933917 -633.045835120494 1 1
-93.3063035061090 -631.440016215209 1 1
-93.3063035061090 -631.440016215209 1 1
-93.3063035061090 -631.440016215209 1 1
-93.3063035061090 -631.440016215209 1 1
-93.3063035061090 -631.440016215209 1 1
-93.3063035061090 -631.440016215209 1 1
-93.3063035061090 -631.440016215209 1 1
-92 -630.000000000000 1 1
-92 -630.000000000000 1 1
-92 -630.000000000000 1 1
-92 -630.000000000000 1 1
-92 -630.000000000000 1 1
-92 -630.000000000000 1 1
-92 -630.000000000000 1 1
-90.5857864376269 -628.585786437627 1 1
-90.5857864376269 -628.585786437627 1 1
-90.5857864376269 -628.585786437627 1 1
-90.5857864376269 -628.585786437627 1 1
-90.5857864376269 -628.585786437627 1 1
-90.5857864376269 -628.585786437627 1 1
-90.5857864376269 -628.585786437627 1 1
-90 -628 1 1
-90 -628 1 1
-90 -628 1 1
-90 -628 1 1
-90 -628 1 1
-90 -628 1 1
-90 -628 1 1
-88.5857864376269 -626.585786437627 1 1
-88.5857864376269 -626.585786437627 1 1
-88.5857864376269 -626.585786437627 1 1
-88.5857864376269 -626.585786437627 1 1
-88.5857864376269 -626.585786437627 1 1
-88.5857864376269 -626.585786437627 1 1
-88.5857864376269 -626.585786437627 1 1
-88 -626 1 1
-88 -626 1 1
-88 -626 1 1
-88 -626 1 1
-88 -626 1 1
-88 -626 1 1
-88 -626 1 1
-86.5857864376269 -624.585786437627 1 1
-86.5857864376269 -624.585786437627 1 1
-86.5857864376269 -624.585786437627 1 1
-86.5857864376269 -624.585786437627 1 1
-86.5857864376269 -624.585786437627 1 1
-86.5857864376269 -624.585786437627 1 1
-86.5857864376269 -624.585786437627 1 1
-86 -624 1 1
-86 -624 1 1
-86 -624 1 1
-86 -624 1 1
-86 -624 1 1
-86 -624 1 1
-86 -624 1 1
-84.5857864376269 -622.585786437627 1 1
-84.5857864376269 -622.585786437627 1 1
-84.5857864376269 -622.585786437627 1 1
-84.5857864376269 -622.585786437627 1 1
-84.5857864376269 -622.585786437627 1 1
-84.5857864376269 -622.585786437627 1 1
-84.5857864376269 -622.585786437627 1 1
-84 -622 1 1
-84 -622 1 1
-84 -622 1 1
-84 -622 1 1
-84 -622 1 1
-84 -622 1 1
-84 -622 1 1
-82.5857864376269 -620.585786437627 1 1
-82.5857864376269 -620.585786437627 1 1
-82.5857864376269 -620.585786437627 1 1
-82.5857864376269 -620.585786437627 1 1
-82.5857864376269 -620.585786437627 1 1
-82.5857864376269 -620.585786437627 1 1
-82.5857864376269 -620.585786437627 1 1
-82 -620 1 1
-82 -620 1 1
-82 -620 1 1
-82 -620 1 1
-82 -620 1 1
-82 -620 1 1
-82 -620 1 1
-80.5857864376269 -618.585786437627 1 1
-80.5857864376269 -618.585786437627 1 1
-80.5857864376269 -618.585786437627 1 1
-80.5857864376269 -618.585786437627 1 1
-80.5857864376269 -618.585786437627 1 1
-80.5857864376269 -618.585786437627 1 1
-80.5857864376269 -618.585786437627 1 1
-80 -618 1 1
-80 -618 1 1
-80 -618 1 1
-80 -618 1 1
-80 -618 1 1
-80 -618 1 1
-80 -618 1 1
-78.5857864376269 -616.585786437627 1 1
-78.5857864376269 -616.585786437627 1 1
-78.5857864376269 -616.585786437627 1 1
-78.5857864376269 -616.585786437627 1 1
-78.5857864376269 -616.585786437627 1 1
-78.5857864376269 -616.585786437627 1 1
-78.5857864376269 -616.585786437627 1 1
-78 -616 1 1
-78 -616 1 1
-78 -616 1 1
-78 -616 1 1
-78 -616 1 1
-78 -616 1 1
-78 -616 1 1
-76.5857864376269 -614.585786437627 1 1
-76.5857864376269 -614.585786437627 1 1
-76.5857864376269 -614.585786437627 1 1
-76.5857864376269 -614.585786437627 1 1
-76.5857864376269 -614.585786437627 1 1
-76.5857864376269 -614.585786437627 1 1
-76.5857864376269 -614.585786437627 1 1
-76 -614 1 1
-76 -614 1 1
-76 -614 1 1
-76 -614 1 1
-76 -614 1 1
-76 -614 1 1
-76 -614 1 1
-74.5857864376269 -612.585786437627 1 1
-74.5857864376269 -612.585786437627 1 1
-74.5857864376269 -612.585786437627 1 1
-74.5857864376269 -612.585786437627 1 1
-74.5857864376269 -612.585786437627 1 1
-74.5857864376269 -612.585786437627 1 1
-74.5857864376269 -612.585786437627 1 1
-74 -612 1 1
-74 -612 1 1
-74 -612 1 1
-74 -612 1 1
-74 -612 1 1
-74 -612 1 1
-74 -612 1 1
-72.5857864376269 -610.585786437627 1 1
-72.5857864376269 -610.585786437627 1 1
-72.5857864376269 -610.585786437627 1 1
-72.5857864376269 -610.585786437627 1 1
-72.5857864376269 -610.585786437627 1 1
-72.5857864376269 -610.585786437627 1 1
-72.5857864376269 -610.585786437627 1 1
-72 -610 1 1
-72 -610 1 1
-72 -610 1 1
-72 -610 1 1
-72 -610 1 1
-72 -610 1 1
-72 -610 1 1
-70.5857864376269 -608.585786437627 1 1
-70.5857864376269 -608.585786437627 1 1
-70.5857864376269 -608.585786437627 1 1
-70.5857864376269 -608.585786437627 1 1
-70.5857864376269 -608.585786437627 1 1
-70.5857864376269 -608.585786437627 1 1
-70.5857864376269 -608.585786437627 1 1
-70 -608 1 1
-70 -608 1 1
-70 -608 1 1
-70 -608 1 1
-70 -608 1 1
-70 -608 1 1
-70 -608 1 1
-68.5857864376269 -606.585786437627 1 1
-68.5857864376269 -606.585786437627 1 1
-68.5857864376269 -606.585786437627 1 1
-68.5857864376269 -606.585786437627 1 1
-68.5857864376269 -606.585786437627 1 1
-68.5857864376269 -606.585786437627 1 1
-68.5857864376269 -606.585786437627 1 1
-68 -606 1 1
-68 -606 1 1
-68 -606 1 1
-68 -606 1 1
-68 -606 1 1
-68 -606 1 1
-68 -606 1 1
-66.5857864376269 -604.585786437627 1 1
-66.5857864376269 -604.585786437627 1 1
-66.5857864376269 -604.585786437627 1 1
-66.5857864376269 -604.585786437627 1 1
-66.5857864376269 -604.585786437627 1 1
-66.5857864376269 -604.585786437627 1 1
-66.5857864376269 -604.585786437627 1 1
-66 -604 1 1
-66 -604 1 1
-66 -604 1 1
-66 -604 1 1
-66 -604 1 1
-66 -604 1 1
-66 -604 1 1
-64.5857864376269 -602.585786437627 1 1
-64.5857864376269 -602.585786437627 1 1
-64.5857864376269 -602.585786437627 1 1
-64.5857864376269 -602.585786437627 1 1
-64.5857864376269 -602.585786437627 1 1
-64.5857864376269 -602.585786437627 1 1
-64.5857864376269 -602.585786437627 1 1
-64 -602 1 1
-64 -602 1 1
-64 -602 1 1
-64 -602 1 1
-64 -602 1 1
-64 -602 1 1
-64 -602 1 1
-62.6439978042784 -600.530980610080 1 1
-62.6439978042784 -600.530980610080 1 1
-62.6439978042784 -600.530980610080 1 1
-62.6439978042784 -600.530980610080 1 1
-62.6439978042784 -600.530980610080 1 1
-62.6439978042784 -600.530980610080 1 1
-62.6439978042784 -600.530980610080 1 1
-61.4410978984025 -598.934203775199 1 1
-61.4410978984025 -598.934203775199 1 1
-61.4410978984025 -598.934203775199 1 1
-61.4410978984025 -598.934203775199 1 1
-61.4410978984025 -598.934203775199 1 1
-61.4410978984025 -598.934203775199 1 1
-61.4410978984025 -598.934203775199 1 1
-60.4037046571942 -597.225262668237 1 1
-60.4037046571942 -597.225262668237 1 1
-60.4037046571942 -597.225262668237 1 1
-60.4037046571942 -597.225262668237 1 1
-60.4037046571942 -597.225262668237 1 1
-60.4037046571942 -597.225262668237 1 1
-60.4037046571942 -597.225262668237 1 1
-59.5421937354183 -595.421249537567 1 1
-59.5421937354183 -595.421249537567 1 1
-59.5421937354183 -595.421249537567 1 1
-59.5421937354183 -595.421249537567 1 1
-59.5421937354183 -595.421249537567 1 1
-59.5421937354183 -595.421249537567 1 1
-59.5421937354183 -595.421249537567 1 1
-58.8651816726332 -593.540207509644 1 1
-58.8651816726332 -593.540207509644 1 1
-58.8651816726332 -593.540207509644 1 1
-58.8651816726332 -593.540207509644 1 1
-58.8651816726332 -593.540207509644 1 1
-58.8651816726332 -593.540207509644 1 1
-58.8651816726332 -593.540207509644 1 1
-58.3794397134893 -591.600950127785 1 1
-58.3794397134893 -591.600950127785 1 1
-58.3794397134893 -591.600950127785 1 1
-58.3794397134893 -591.600950127785 1 1
-58.3794397134893 -591.600950127785 1 1
-58.3794397134893 -591.600950127785 1 1
-58.3794397134893 -591.600950127785 1 1
-58.0898260840407 -589.622873185498 1 1
-58.0898260840407 -589.622873185498 1 1
-58.0898260840407 -589.622873185498 1 1
-58.0898260840407 -589.622873185498 1 1
-58.0898260840407 -589.622873185498 1 1
-58.0898260840407 -589.622873185498 1 1
-58.0898260840407 -589.622873185498 1 1
-58.0000000000000 -588 1 1
-58.0000000000000 -588 1 1
-58.0000000000000 -588 1 1
-58.0000000000000 -588 1 1
-58.0000000000000 -588 1 1
-58.0000000000000 -588 1 1
-58.0000000000000 -588 1 1
-58 -586 1 1
-58 -586 1 1
-58 -586 1 1
-58 -586 1 1
-58 -586 1 1
-58 -586 1 1
-58 -586 1 1
-58 -584 1 1
-58 -584 1 1
-58 -584 1 1
-58 -584 1 1
-58 -584 1 1
-58 -584 1 1
-58 -584 1 1
-58 -582 1 1
-58 -582 1 1
-58 -582 1 1
-58 -582 1 1
-58 -582 1 1
-58 -582 1 1
-58 -582 1 1
-58 -580 1 1
-58 -580 1 1
-58 -580 1 1
-58 -580 1 1
-58 -580 1 1
-58 -580 1 1
-58 -580 1 1
-58 -578 1 1
-58 -578 1 1
-58 -578 1 1
-58 -578 1 1
-58 -578 1 1
-58 -578 1 1
-58 -578 1 1
-58 -576 1 1
-58 -576 1 1
-58 -576 1 1
-58 -576 1 1
-58 -576 1 1
-58 -576 1 1
-58 -576 1 1
-58 -574 1 1
-58 -574 1 1
-58 -574 1 1
-58 -574 1 1
-58 -574 1 1
-58 -574 1 1
-58 -574 1 1
-58 -572 1 1
-58 -572 1 1
-58 -572 1 1
-58 -572 1 1
-58 -572 1 1
-58 -572 1 1
-58 -572 1 1
-58 -570 1 1
-58 -570 1 1
-58 -570 1 1
-58 -570 1 1
-58 -570 1 1
-58 -570 1 1
-58 -570 1 1
-58 -568 1 1
-58 -568 1 1
-58 -568 1 1
-58 -568 1 1
-58 -568 1 1
-58 -568 1 1
-58 -568 1 1
-58 -566 1 1
-58 -566 1 1
-58 -566 1 1
-58 -566 1 1
-58 -566 1 1
-58 -566 1 1
-58 -566 1 1
-58 -564 1 1
-58 -564 1 1
-58 -564 1 1
-58 -564 1 1
-58 -564 1 1
-58 -564 1 1
-58 -564 1 1
-58 -562 1 1
-58 -562 1 1
-58 -562 1 1
-58 -562 1 1
-58 -562 1 1
-58 -562 1 1
-58 -562 1 1
-58 -560 1 1
-58 -560 1 1
-58 -560 1 1
-58 -560 1 1
-58 -560 1 1
-58 -560 1 1
-58 -560 1 1
-58 -558 1 1
-58 -558 1 1
-58 -558 1 1
-58 -558 1 1
-58 -558 1 1
-58 -558 1 1
-58 -558 1 1
-58 -556 1 1
-58 -556 1 1
-58 -556 1 1
-58 -556 1 1
-58 -556 1 1
-58 -556 1 1
-58 -556 1 1
-58 -554 1 1
-58 -554 1 1
-58 -554 1 1
-58 -554 1 1
-58 -554 1 1
-58 -554 1 1
-58 -554 1 1
-58 -552 1 1
-58 -552 1 1
-58 -552 1 1
-58 -552 1 1
-58 -552 1 1
-58 -552 1 1
-58 -552 1 1
-58 -550 1 1
-58 -550 1 1
-58 -550 1 1
-58 -550 1 1
-58 -550 1 1
-58 -550 1 1
-58 -550 1 1
-58 -548 1 1
-58 -548 1 1
-58 -548 1 1
-58 -548 1 1
-58 -548 1 1
-58 -548 1 1
-58 -548 1 1
-58 -546 1 1
-58 -546 1 1
-58 -546 1 1
-58 -546 1 1
-58 -546 1 1
-58 -546 1 1
-58 -546 1 1
-58 -544 1 1
-58 -544 1 1
-58 -544 1 1
-58 -544 1 1
-58 -544 1 1
-58 -544 1 1
-58 -544 1 1
-58 -542 1 1
-58 -542 1 1
-58 -542 1 1
-58 -542 1 1
-58 -542 1 1
-58 -542 1 1
-58 -542 1 1
-58 -540 1 1
-58 -540 1 1
-58 -540 1 1
-58 -540 1 1
-58 -540 1 1
-58 -540 1 1
-58 -540 1 1
-58 -538 1 1
-58 -538 1 1
-58 -538 1 1
-58 -538 1 1
-58 -538 1 1
-58 -538 1 1
-58 -538 1 1
-58 -536 1 1
-58 -536 1 1
-58 -536 1 1
-58 -536 1 1
-58 -536 1 1
-58 -536 1 1
-58 -536 1 1
-58 -534 1 1
-58 -534 1 1
-58 -534 1 1
-58 -534 1 1
-58 -534 1 1
-58 -534 1 1
-58 -534 1 1
-58 -532 1 1
-58 -532 1 1
-58 -532 1 1
-58 -532 1 1
-58 -532 1 1
-58 -532 1 1
-58 -532 1 1
-58 -530 1 1
-58 -530 1 1
-58 -530 1 1
-58 -530 1 1
-58 -530 1 1
-58 -530 1 1
-58 -530 1 1
-58 -528 1 1
-58 -528 1 1
-58 -528 1 1
-58 -528 1 1
-58 -528 1 1
-58 -528 1 1
-58 -528 1 1
-58 -526 1 1
-58 -526 1 1
-58 -526 1 1
-58 -526 1 1
-58 -526 1 1
-58 -526 1 1
-58 -526 1 1
-58 -524 1 1
-58 -524 1 1
-58 -524 1 1
-58 -524 1 1
-58 -524 1 1
-58 -524 1 1
-58 -524 1 1
-58 -522 1 1
-58 -522 1 1
-58 -522 1 1
-58 -522 1 1
-58 -522 1 1
-58 -522 1 1
-58 -522 1 1
-58 -520 1 1
-58 -520 1 1
-58 -520 1 1
-58 -520 1 1
-58 -520 1 1
-58 -520 1 1
-58 -520 1 1
-58 -518 1 1
-58 -518 1 1
-58 -518 1 1
-58 -518 1 1
-58 -518 1 1
-58 -518 1 1
-58 -518 1 1
-58 -516 1 1
-58 -516 1 1
-58 -516 1 1
-58 -516 1 1
-58 -516 1 1
-58 -516 1 1
-58 -516 1 1
-58 -514 1 1
-58 -514 1 1
-58 -514 1 1
-58 -514 1 1
-58 -514 1 1
-58 -514 1 1
-58 -514 1 1
-58 -512 1 1
-58 -512 1 1
-58 -512 1 1
-58 -512 1 1
-58 -512 1 1
-58 -512 1 1
-58 -512 1 1
-58 -510 1 1
-58 -510 1 1
-58 -510 1 1
-58 -510 1 1
-58 -510 1 1
-58 -510 1 1
-58 -510 1 1
-58 -508 1 1
-58 -508 1 1
-58 -508 1 1
-58 -508 1 1
-58 -508 1 1
-58 -508 1 1
-58 -508 1 1
-58 -506 1 1
-58 -506 1 1
-58 -506 1 1
-58 -506 1 1
-58 -506 1 1
-58 -506 1 1
-58 -506 1 1
-58 -504 1 1
-58 -504 1 1
-58 -504 1 1
-58 -504 1 1
-58 -504 1 1
-58 -504 1 1
-58 -504 1 1
-58 -502 1 1
-58 -502 1 1
-58 -502 1 1
-58 -502 1 1
-58 -502 1 1
-58 -502 1 1
-58 -502 1 1
-58 -500 1 1
-58 -500 1 1
-58 -500 1 1
-58 -500 1 1
-58 -500 1 1
-58 -500 1 1
-58 -500 1 1
-58 -498 1 1
-58 -498 1 1
-58 -498 1 1
-58 -498 1 1
-58 -498 1 1
-58 -498 1 1
-58 -498 1 1
-58 -496 1 1
-58 -496 1 1
-58 -496 1 1
-58 -496 1 1
-58 -496 1 1
-58 -496 1 1
-58 -496 1 1
-58 -494 1 1
-58 -494 1 1
-58 -494 1 1
-58 -494 1 1
-58 -494 1 1
-58 -494 1 1
-58 -494 1 1
-58 -492 1 1
-58 -492 1 1
-58 -492 1 1
-58 -492 1 1
-58 -492 1 1
-58 -492 1 1
-58 -492 1 1
-58 -490 1 1
-58 -490 1 1
-58 -490 1 1
-58 -490 1 1
-58 -490 1 1
-58 -490 1 1
-58 -490 1 1
-58 -488 1 1
-58 -488 1 1
-58 -488 1 1
-58 -488 1 1
-58 -488 1 1
-58 -488 1 1
-58 -488 1 1
-58 -486 1 1
-58 -486 1 1
-58 -486 1 1
-58 -486 1 1
-58 -486 1 1
-58 -486 1 1
-58 -486 1 1
-58 -484 1 1
-58 -484 1 1
-58 -484 1 1
-58 -484 1 1
-58 -484 1 1
-58 -484 1 1
-58 -484 1 1
-58 -482 1 1
-58 -482 1 1
-58 -482 1 1
-58 -482 1 1
-58 -482 1 1
-58 -482 1 1
-58 -482 1 1
-58 -480 1 1
-58 -480 1 1
-58 -480 1 1
-58 -480 1 1
-58 -480 1 1
-58 -480 1 1
-58 -480 1 1
-58 -478 1 1
-58 -478 1 1
-58 -478 1 1
-58 -478 1 1
-58 -478 1 1
-58 -478 1 1
-58 -478 1 1
-58 -476 1 1
-58 -476 1 1
-58 -476 1 1
-58 -476 1 1
-58 -476 1 1
-58 -476 1 1
-58 -476 1 1
-58 -474 1 1
-58 -474 1 1
-58 -474 1 1
-58 -474 1 1
-58 -474 1 1
-58 -474 1 1
-58 -474 1 1
-58 -472 1 1
-58 -472 1 1
-58 -472 1 1
-58 -472 1 1
-58 -472 1 1
-58 -472 1 1
-58 -472 1 1
-58 -470 1 1
-58 -470 1 1
-58 -470 1 1
-58 -470 1 1
-58 -470 1 1
-58 -470 1 1
-58 -470 1 1
-57.9000334056036 -468.003334999562 1 1
-57.9000334056036 -468.003334999562 1 1
-57.9000334056036 -468.003334999562 1 1
-57.9000334056036 -468.003334999562 1 1
-57.9000334056036 -468.003334999562 1 1
-57.9000334056036 -468.003334999562 1 1
-57.9000334056036 -468.003334999562 1 1
-57.6011334543298 -466.026639964131 1 1
-57.6011334543298 -466.026639964131 1 1
-57.6011334543298 -466.026639964131 1 1
-57.6011334543298 -466.026639964131 1 1
-57.6011334543298 -466.026639964131 1 1
-57.6011334543298 -466.026639964131 1 1
-57.6011334543298 -466.026639964131 1 1
-57.1062896419460 -464.089685125909 1 1
-57.1062896419460 -464.089685125909 1 1
-57.1062896419460 -464.089685125909 1 1
-57.1062896419460 -464.089685125909 1 1
-57.1062896419460 -464.089685125909 1 1
-57.1062896419460 -464.089685125909 1 1
-57.1062896419460 -464.089685125909 1 1
-56.4433714073476 -462.203028317504 1 1
-56.4433714073476 -462.203028317504 1 1
-56.4433714073476 -462.203028317504 1 1
-56.4433714073476 -462.203028317504 1 1
-56.4433714073476 -462.203028317504 1 1
-56.4433714073476 -462.203028317504 1 1
-56.4433714073476 -462.203028317504 1 1
-55.7563901172976 -460.324716121110 1 1
-55.7563901172976 -460.324716121110 1 1
-55.7563901172976 -460.324716121110 1 1
-55.7563901172976 -460.324716121110 1 1
-55.7563901172976 -460.324716121110 1 1
-55.7563901172976 -460.324716121110 1 1
-55.7563901172976 -460.324716121110 1 1
-55.0694088272476 -458.446403924716 1 1
-55.0694088272476 -458.446403924716 1 1
-55.0694088272476 -458.446403924716 1 1
-55.0694088272476 -458.446403924716 1 1
-55.0694088272476 -458.446403924716 1 1
-55.0694088272476 -458.446403924716 1 1
-55.0694088272476 -458.446403924716 1 1
-54.3694161852412 -456.573034901122 1 1
-54.3694161852412 -456.573034901122 1 1
-54.3694161852412 -456.573034901122 1 1
-54.3694161852412 -456.573034901122 1 1
-54.3694161852412 -456.573034901122 1 1
-54.3694161852412 -456.573034901122 1 1
-54.3694161852412 -456.573034901122 1 1
-53.5215587632916 -454.762564731245 1 1
-53.5215587632916 -454.762564731245 1 1
-53.5215587632916 -454.762564731245 1 1
-53.5215587632916 -454.762564731245 1 1
-53.5215587632916 -454.762564731245 1 1
-53.5215587632916 -454.762564731245 1 1
-53.5215587632916 -454.762564731245 1 1
-52.4971057933917 -453.045835120494 1 1
-52.4971057933917 -453.045835120494 1 1
-52.4971057933917 -453.045835120494 1 1
-52.4971057933917 -453.045835120494 1 1
-52.4971057933917 -453.045835120494 1 1
-52.4971057933917 -453.045835120494 1 1
-52.4971057933917 -453.045835120494 1 1
-51.3063035061090 -451.440016215209 1 1
-51.3063035061090 -451.440016215209 1 1
-51.3063035061090 -451.440016215209 1 1
-51.3063035061090 -451.440016215209 1 1
-51.3063035061090 -451.440016215209 1 1
-51.3063035061090 -451.440016215209 1 1
-51.3063035061090 -451.440016215209 1 1
-50 -450 1 1
-50 -450 1 1
-50 -450 1 1
-50 -450 1 1
-50 -450 1 1
-50 -450 1 1
-50 -450 1 1
-48.5857864376269 -448.585786437627 1 1
-48.5857864376269 -448.585786437627 1 1
-48.5857864376269 -448.585786437627 1 1
-48.5857864376269 -448.585786437627 1 1
-48.5857864376269 -448.585786437627 1 1
-48.5857864376269 -448.585786437627 1 1
-48.5857864376269 -448.585786437627 1 1
-48 -448 1 1
-48 -448 1 1
-48 -448 1 1
-48 -448 1 1
-48 -448 1 1
-48 -448 1 1
-48 -448 1 1
-46.5857864376269 -446.585786437627 1 1
-46.5857864376269 -446.585786437627 1 1
-46.5857864376269 -446.585786437627 1 1
-46.5857864376269 -446.585786437627 1 1
-46.5857864376269 -446.585786437627 1 1
-46.5857864376269 -446.585786437627 1 1
-46.5857864376269 -446.585786437627 1 1
-46 -446 1 1
-46 -446 1 1
-46 -446 1 1
-46 -446 1 1
-46 -446 1 1
-46 -446 1 1
-46 -446 1 1
-44.5857864376269 -444.585786437627 1 1
-44.5857864376269 -444.585786437627 1 1
-44.5857864376269 -444.585786437627 1 1
-44.5857864376269 -444.585786437627 1 1
-44.5857864376269 -444.585786437627 1 1
-44.5857864376269 -444.585786437627 1 1
-44.5857864376269 -444.585786437627 1 1
-44 -444.000000000000 1 1
-44 -444.000000000000 1 1
-44 -444.000000000000 1 1
-44 -444.000000000000 1 1
-44 -444.000000000000 1 1
-44 -444.000000000000 1 1
-44 -444.000000000000 1 1
-42.5857864376269 -442.585786437627 1 1
-42.5857864376269 -442.585786437627 1 1
-42.5857864376269 -442.585786437627 1 1
-42.5857864376269 -442.585786437627 1 1
-42.5857864376269 -442.585786437627 1 1
-42.5857864376269 -442.585786437627 1 1
-42.5857864376269 -442.585786437627 1 1
-42 -442 1 1
-42 -442 1 1
-42 -442 1 1
-42 -442 1 1
-42 -442 1 1
-42 -442 1 1
-42 -442 1 1
-40.5857864376269 -440.585786437627 1 1
-40.5857864376269 -440.585786437627 1 1
-40.5857864376269 -440.585786437627 1 1
-40.5857864376269 -440.585786437627 1 1
-40.5857864376269 -440.585786437627 1 1
-40.5857864376269 -440.585786437627 1 1
-40.5857864376269 -440.585786437627 1 1
-40 -440 1 1
-40 -440 1 1
-40 -440 1 1
-40 -440 1 1
-40 -440 1 1
-40 -440 1 1
-40 -440 1 1
-38.5857864376269 -438.585786437627 1 1
-38.5857864376269 -438.585786437627 1 1
-38.5857864376269 -438.585786437627 1 1
-38.5857864376269 -438.585786437627 1 1
-38.5857864376269 -438.585786437627 1 1
-38.5857864376269 -438.585786437627 1 1
-38.5857864376269 -438.585786437627 1 1
-38 -438 1 1
-38 -438 1 1
-38 -438 1 1
-38 -438 1 1
-38 -438 1 1
-38 -438 1 1
-38 -438 1 1
-36.5857864376269 -436.585786437627 1 1
-36.5857864376269 -436.585786437627 1 1
-36.5857864376269 -436.585786437627 1 1
-36.5857864376269 -436.585786437627 1 1
-36.5857864376269 -436.585786437627 1 1
-36.5857864376269 -436.585786437627 1 1
-36.5857864376269 -436.585786437627 1 1
-36 -436.000000000000 1 1
-36 -436.000000000000 1 1
-36 -436.000000000000 1 1
-36 -436.000000000000 1 1
-36 -436.000000000000 1 1
-36 -436.000000000000 1 1
-36 -436.000000000000 1 1
-34.5857864376269 -434.585786437627 1 1
-34.5857864376269 -434.585786437627 1 1
-34.5857864376269 -434.585786437627 1 1
-34.5857864376269 -434.585786437627 1 1
-34.5857864376269 -434.585786437627 1 1
-34.5857864376269 -434.585786437627 1 1
-34.5857864376269 -434.585786437627 1 1
-34 -434 1 1
-34 -434 1 1
-34 -434 1 1
-34 -434 1 1
-34 -434 1 1
-34 -434 1 1
-34 -434 1 1
-32.5857864376269 -432.585786437627 1 1
-32.5857864376269 -432.585786437627 1 1
-32.5857864376269 -432.585786437627 1 1
-32.5857864376269 -432.585786437627 1 1
-32.5857864376269 -432.585786437627 1 1
-32.5857864376269 -432.585786437627 1 1
-32.5857864376269 -432.585786437627 1 1
-32 -432 1 1
-32 -432 1 1
-32 -432 1 1
-32 -432 1 1
-32 -432 1 1
-32 -432 1 1
-32 -432 1 1
-30.5857864376269 -430.585786437627 1 1
-30.5857864376269 -430.585786437627 1 1
-30.5857864376269 -430.585786437627 1 1
-30.5857864376269 -430.585786437627 1 1
-30.5857864376269 -430.585786437627 1 1
-30.5857864376269 -430.585786437627 1 1
-30.5857864376269 -430.585786437627 1 1
-30 -430 1 1
-30 -430 1 1
-30 -430 1 1
-30 -430 1 1
-30 -430 1 1
-30 -430 1 1
-30 -430 1 1
-28.5857864376269 -428.585786437627 1 1
-28.5857864376269 -428.585786437627 1 1
-28.5857864376269 -428.585786437627 1 1
-28.5857864376269 -428.585786437627 1 1
-28.5857864376269 -428.585786437627 1 1
-28.5857864376269 -428.585786437627 1 1
-28.5857864376269 -428.585786437627 1 1
-28 -428.000000000000 1 1
-28 -428.000000000000 1 1
-28 -428.000000000000 1 1
-28 -428.000000000000 1 1
-28 -428.000000000000 1 1
-28 -428.000000000000 1 1
-28 -428.000000000000 1 1
-26.5857864376269 -426.585786437627 1 1
-26.5857864376269 -426.585786437627 1 1
-26.5857864376269 -426.585786437627 1 1
-26.5857864376269 -426.585786437627 1 1
-26.5857864376269 -426.585786437627 1 1
-26.5857864376269 -426.585786437627 1 1
-26.5857864376269 -426.585786437627 1 1
-26 -426 1 1
-26 -426 1 1
-26 -426 1 1
-26 -426 1 1
-26 -426 1 1
-26 -426 1 1
-26 -426 1 1
-24.5857864376269 -424.585786437627 1 1
-24.5857864376269 -424.585786437627 1 1
-24.5857864376269 -424.585786437627 1 1
-24.5857864376269 -424.585786437627 1 1
-24.5857864376269 -424.585786437627 1 1
-24.5857864376269 -424.585786437627 1 1
-24.5857864376269 -424.585786437627 1 1
-24 -424 1 1
-24 -424 1 1
-24 -424 1 1
-24 -424 1 1
-24 -424 1 1
-24 -424 1 1
-24 -424 1 1
-22.5857864376269 -422.585786437627 1 1
-22.5857864376269 -422.585786437627 1 1
-22.5857864376269 -422.585786437627 1 1
-22.5857864376269 -422.585786437627 1 1
-22.5857864376269 -422.585786437627 1 1
-22.5857864376269 -422.585786437627 1 1
-22.5857864376269 -422.585786437627 1 1
-22 -422 1 1
-22 -422 1 1
-22 -422 1 1
-22 -422 1 1
-22 -422 1 1
-22 -422 1 1
-22 -422 1 1
-20.5857864376269 -420.585786437627 1 1
-20.5857864376269 -420.585786437627 1 1
-20.5857864376269 -420.585786437627 1 1
-20.5857864376269 -420.585786437627 1 1
-20.5857864376269 -420.585786437627 1 1
-20.5857864376269 -420.585786437627 1 1
-20.5857864376269 -420.585786437627 1 1
-20 -420.000000000000 1 1
-20 -420.000000000000 1 1
-20 -420.000000000000 1 1
-20 -420.000000000000 1 1
-20 -420.000000000000 1 1
-20 -420.000000000000 1 1
-20 -420.000000000000 1 1
-18.5857864376269 -418.585786437627 1 1
-18.5857864376269 -418.585786437627 1 1
-18.5857864376269 -418.585786437627 1 1
-18.5857864376269 -418.585786437627 1 1
-18.5857864376269 -418.585786437627 1 1
-18.5857864376269 -418.585786437627 1 1
-18.5857864376269 -418.585786437627 1 1
-18 -418 1 1
-18 -418 1 1
-18 -418 1 1
-18 -418 1 1
-18 -418 1 1
-18 -418 1 1
-18 -418 1 1
-16.5857864376269 -416.585786437627 1 1
-16.5857864376269 -416.585786437627 1 1
-16.5857864376269 -416.585786437627 1 1
-16.5857864376269 -416.585786437627 1 1
-16.5857864376269 -416.585786437627 1 1
-16.5857864376269 -416.585786437627 1 1
-16.5857864376269 -416.585786437627 1 1
-16 -416 1 1
-16 -416 1 1
-16 -416 1 1
-16 -416 1 1
-16 -416 1 1
-16 -416 1 1
-16 -416 1 1
-14.5857864376269 -414.585786437627 1 1
-14.5857864376269 -414.585786437627 1 1
-14.5857864376269 -414.585786437627 1 1
-14.5857864376269 -414.585786437627 1 1
-14.5857864376269 -414.585786437627 1 1
-14.5857864376269 -414.585786437627 1 1
-14.5857864376269 -414.585786437627 1 1
-14 -414 1 1
-14 -414 1 1
-14 -414 1 1
-14 -414 1 1
-14 -414 1 1
-14 -414 1 1
-14 -414 1 1
-12.5857864376269 -412.585786437627 1 1
-12.5857864376269 -412.585786437627 1 1
-12.5857864376269 -412.585786437627 1 1
-12.5857864376269 -412.585786437627 1 1
-12.5857864376269 -412.585786437627 1 1
-12.5857864376269 -412.585786437627 1 1
-12.5857864376269 -412.585786437627 1 1
-12 -412.000000000000 1 1
-12 -412.000000000000 1 1
-12 -412.000000000000 1 1
-12 -412.000000000000 1 1
-12 -412.000000000000 1 1
-12 -412.000000000000 1 1
-12 -412.000000000000 1 1
-10.5857864376269 -410.585786437627 1 1
-10.5857864376269 -410.585786437627 1 1
-10.5857864376269 -410.585786437627 1 1
-10.5857864376269 -410.585786437627 1 1
-10.5857864376269 -410.585786437627 1 1
-10.5857864376269 -410.585786437627 1 1
-10.5857864376269 -410.585786437627 1 1
-10 -410 1 1
-10 -410 1 1
-10 -410 1 1
-10 -410 1 1
-10 -410 1 1
-10 -410 1 1
-10 -410 1 1
-8.58578643762690 -408.585786437627 1 1
-8.58578643762690 -408.585786437627 1 1
-8.58578643762690 -408.585786437627 1 1
-8.58578643762690 -408.585786437627 1 1
-8.58578643762690 -408.585786437627 1 1
-8.58578643762690 -408.585786437627 1 1
-8.58578643762690 -408.585786437627 1 1
-8 -408 1 1
-8 -408 1 1
-8 -408 1 1
-8 -408 1 1
-8 -408 1 1
-8 -408 1 1
-8 -408 1 1
-6.58578643762691 -406.585786437627 1 1
-6.58578643762691 -406.585786437627 1 1
-6.58578643762691 -406.585786437627 1 1
-6.58578643762691 -406.585786437627 1 1
-6.58578643762691 -406.585786437627 1 1
-6.58578643762691 -406.585786437627 1 1
-6.58578643762691 -406.585786437627 1 1
-6 -406 1 1
-6 -406 1 1
-6 -406 1 1
-6 -406 1 1
-6 -406 1 1
-6 -406 1 1
-6 -406 1 1
-4.58578643762691 -404.585786437627 1 1
-4.58578643762691 -404.585786437627 1 1
-4.58578643762691 -404.585786437627 1 1
-4.58578643762691 -404.585786437627 1 1
-4.58578643762691 -404.585786437627 1 1
-4.58578643762691 -404.585786437627 1 1
-4.58578643762691 -404.585786437627 1 1
-4 -404.000000000000 1 1
-4 -404.000000000000 1 1
-4 -404.000000000000 1 1
-4 -404.000000000000 1 1
-4 -404.000000000000 1 1
-4 -404.000000000000 1 1
-4 -404.000000000000 1 1
-2.58578643762690 -402.585786437627 1 1
-2.58578643762690 -402.585786437627 1 1
-2.58578643762690 -402.585786437627 1 1
-2.58578643762690 -402.585786437627 1 1
-2.58578643762690 -402.585786437627 1 1
-2.58578643762690 -402.585786437627 1 1
-2.58578643762690 -402.585786437627 1 1
-2 -402 1 1
-2 -402 1 1
-2 -402 1 1
-2 -402 1 1
-2 -402 1 1
-2 -402 1 1
-2 -402 1 1
-0.585786437626905 -400.585786437627 1 1
-0.585786437626905 -400.585786437627 1 1
-0.585786437626905 -400.585786437627 1 1
-0.585786437626905 -400.585786437627 1 1
-0.585786437626905 -400.585786437627 1 1
-0.585786437626905 -400.585786437627 1 1
-0.585786437626905 -400.585786437627 1 1
0 -400 1 1
0 -400 1 1
0 -400 1 1
0 -400 1 1
0 -400 1 1
0 -400 1 1
0 -400 1 1
0 -400 1 1
0 -400 1 1
0 -400 1 1
0 -400 1 1
0 -400 1 1
0 -400 1 1
0 -400 1 1
0 -400 1 1
0 -400 1 1
0 -400 1 1
0 -400 1 1
0 -400 1 1
0 -400 1 1
0 -400 1 1
0 -400 1 1
0 -400 1 1
0 -400 1 1
0 -400 1 1
0 -400 1 1
0 -400 1 1
0 -400 1 1
0 -400 1 1
0 -400 1 1
0 -400 1 1
0 -400 1 1
0 -400 1 1
0 -400 1 1
0 -400 1 1
0 -400 1 1
0 -400 1 1
0 -400 1 1
0 -400 1 1
0 -400 1 1
0 -400 1 1
0 -400 1 1
0 -400 1 1
0 -400 1 1
0 -400 1 1
0 -400 1 1
0 -400 1 1
0 -400 1 1
0 -400 1 1
0 -400 1 1
0 -400 1 1
0 -400 1 1
0 -400 1 1
0 -400 1 1
0 -400 1 1
0 -400 1 1
0 -400 1 1
0 -400 1 1
0 -400 1 1
0 -400 1 1
0 -400 1 1