0 20 1 1
0.0500834724540902 20 1 1
0.100166944908180 20 1 1
0.150250417362270 20 1 1
0.200333889816361 20 1 1
0.250417362270451 20 1 1
0.300500834724541 20 1 1
0.350584307178631 20 1 1
0.400667779632721 20 1 1
0.450751252086811 20 1 1
0.500834724540902 20 1 1
0.550918196994992 20 1 1
0.601001669449082 20 1 1
0.651085141903172 20 1 1
0.701168614357262 20 1 1
0.751252086811352 20 1 1
0.801335559265442 20 1 1
0.851419031719533 20 1 1
0.901502504173623 20 1 1
0.951585976627713 20 1 1
1.00166944908180 20 1 1
1.05175292153589 20 1 1
1.10183639398998 20 1 1
1.15191986644407 20 1 1
1.20200333889816 20 1 1
1.25208681135225 20 1 1
1.30217028380634 20 1 1
1.35225375626043 20 1 1
1.40233722871452 20 1 1
1.45242070116861 20 1 1
1.50250417362270 20 1 1
1.55258764607679 20 1 1
1.60267111853088 20 1 1
1.65275459098498 20 1 1
1.70283806343907 20 1 1
1.75292153589316 20 1 1
1.80300500834725 20 1 1
1.85308848080134 20 1 1
1.90317195325543 20 1 1
1.95325542570952 20 1 1
2.00333889816361 20 1 1
2.05342237061770 20 1 1
2.10350584307179 20 1 1
2.15358931552588 20 1 1
2.20367278797997 20 1 1
2.25375626043406 20 1 1
2.30383973288815 20 1 1
2.35392320534224 20 1 1
2.40400667779633 20 1 1
2.45409015025042 20 1 1
2.50417362270451 20 1 1
2.55425709515860 20 1 1
2.60434056761269 20 1 1
2.65442404006678 20 1 1
2.70450751252087 20 1 1
2.75459098497496 20 1 1
2.80467445742905 20 1 1
2.85475792988314 20 1 1
2.90484140233723 20 1 1
2.95492487479132 20 1 1
3.00500834724541 20 1 1
3.05509181969950 20 1 1
3.10517529215359 20 1 1
3.15525876460768 20 1 1
3.20534223706177 20 1 1
3.25542570951586 20 1 1
3.30550918196995 20 1 1
3.35559265442404 20 1 1
3.40567612687813 20 1 1
3.45575959933222 20 1 1
3.50584307178631 20 1 1
3.55592654424040 20 1 1
3.60601001669449 20 1 1
3.65609348914858 20 1 1
3.70617696160267 20 1 1
3.75626043405676 20 1 1
3.80634390651085 20 1 1
3.85642737896494 20 1 1
3.90651085141903 20 1 1
3.95659432387312 20 1 1
4.00667779632721 20 1 1
4.05676126878130 20 1 1
4.10684474123539 20 1 1
4.15692821368948 20 1 1
4.20701168614357 20 1 1
4.25709515859766 20 1 1
4.30717863105175 20 1 1
4.35726210350584 20 1 1
4.40734557595993 20 1 1
4.45742904841402 20 1 1
4.50751252086811 20 1 1
4.55759599332220 20 1 1
4.60767946577629 20 1 1
4.65776293823038 20 1 1
4.70784641068447 20 1 1
4.75792988313856 20 1 1
4.80801335559266 20 1 1
4.85809682804675 20 1 1
4.90818030050084 20 1 1
4.95826377295493 20 1 1
5.00834724540902 20 1 1
5.05843071786311 20 1 1
5.10851419031720 20 1 1
5.15859766277129 20 1 1
5.20868113522538 20 1 1
5.25876460767947 20 1 1
5.30884808013356 20 1 1
5.35893155258765 20 1 1
5.40901502504174 20 1 1
5.45909849749583 20 1 1
5.50918196994992 20 1 1
5.55926544240401 20 1 1
5.60934891485810 20 1 1
5.65943238731219 20 1 1
5.70951585976628 20 1 1
5.75959933222037 20 1 1
5.80968280467446 20 1 1
5.85976627712855 20 1 1
5.90984974958264 20 1 1
5.95993322203673 20 1 1
6.01001669449082 20 1 1
6.06010016694491 20 1 1
6.11018363939900 20 1 1
6.16026711185309 20 1 1
6.21035058430718 20 1 1
6.26043405676127 20 1 1
6.31051752921536 20 1 1
6.36060100166945 20 1 1
6.41068447412354 20 1 1
6.46076794657763 20 1 1
6.51085141903172 20 1 1
6.56093489148581 20 1 1
6.61101836393990 20 1 1
6.66110183639399 20 1 1
6.71118530884808 20 1 1
6.76126878130217 20 1 1
6.81135225375626 20 1 1
6.86143572621035 20 1 1
6.91151919866444 20 1 1
6.96160267111853 20 1 1
7.01168614357262 20 1 1
7.06176961602671 20 1 1
7.11185308848080 20 1 1
7.16193656093489 20 1 1
7.21202003338898 20 1 1
7.26210350584307 20 1 1
7.31218697829716 20 1 1
7.36227045075125 20 1 1
7.41235392320534 20 1 1
7.46243739565943 20 1 1
7.51252086811352 20 1 1
7.56260434056761 20 1 1
7.61268781302170 20 1 1
7.66277128547579 20 1 1
7.71285475792988 20 1 1
7.76293823038397 20 1 1
7.81302170283806 20 1 1
7.86310517529215 20 1 1
7.91318864774624 20 1 1
7.96327212020033 20 1 1
8.01335559265442 20 1 1
8.06343906510852 20 1 1
8.11352253756260 20 1 1
8.16360601001670 20 1 1
8.21368948247078 20 1 1
8.26377295492488 20 1 1
8.31385642737897 20 1 1
8.36393989983306 20 1 1
8.41402337228715 20 1 1
8.46410684474124 20 1 1
8.51419031719533 20 1 1
8.56427378964942 20 1 1
8.61435726210351 20 1 1
8.66444073455760 20 1 1
8.71452420701169 20 1 1
8.76460767946578 20 1 1
8.81469115191987 20 1 1
8.86477462437396 20 1 1
8.91485809682805 20 1 1
8.96494156928214 20 1 1
9.01502504173623 20 1 1
9.06510851419032 20 1 1
9.11519198664441 20 1 1
9.16527545909850 20 1 1
9.21535893155259 20 1 1
9.26544240400668 20 1 1
9.31552587646077 20 1 1
9.36560934891486 20 1 1
9.41569282136895 20 1 1
9.46577629382304 20 1 1
9.51585976627713 20 1 1
9.56594323873122 20 1 1
9.61602671118531 20 1 1
9.66611018363940 20 1 1
9.71619365609349 20 1 1
9.76627712854758 20 1 1
9.81636060100167 20 1 1
9.86644407345576 20 1 1
9.91652754590985 20 1 1
9.96661101836394 20 1 1
10.0166944908180 20 1 1
10.0667779632721 20 1 1
10.1168614357262 20 1 1
10.1669449081803 20 1 1
10.2170283806344 20 1 1
10.2671118530885 20 1 1
10.3171953255426 20 1 1
10.3672787979967 20 1 1
10.4173622704508 20 1 1
10.4674457429048 20 1 1
10.5175292153589 20 1 1
10.5676126878130 20 1 1
10.6176961602671 20 1 1
10.6677796327212 20 1 1
10.7178631051753 20 1 1
10.7679465776294 20 1 1
10.8180300500835 20 1 1
10.8681135225376 20 1 1
10.9181969949917 20 1 1
10.9682804674457 20 1 1
11.0183639398998 20 1 1
11.0684474123539 20 1 1
11.1185308848080 20 1 1
11.1686143572621 20 1 1
11.2186978297162 20 1 1
11.2687813021703 20 1 1
11.3188647746244 20 1 1
11.3689482470785 20 1 1
11.4190317195326 20 1 1
11.4691151919866 20 1 1
11.5191986644407 20 1 1
11.5692821368948 20 1 1
11.6193656093489 20 1 1
11.6694490818030 20 1 1
11.7195325542571 20 1 1
11.7696160267112 20 1 1
11.8196994991653 20 1 1
11.8697829716194 20 1 1
11.9198664440735 20 1 1
11.9699499165275 20 1 1
12.0200333889816 20 1 1
12.0701168614357 20 1 1
12.1202003338898 20 1 1
12.1702838063439 20 1 1
12.2203672787980 20 1 1
12.2704507512521 20 1 1
12.3205342237062 20 1 1
12.3706176961603 20 1 1
12.4207011686144 20 1 1
12.4707846410684 20 1 1
12.5208681135225 20 1 1
12.5709515859766 20 1 1
12.6210350584307 20 1 1
12.6711185308848 20 1 1
12.7212020033389 20 1 1
12.7712854757930 20 1 1
12.8213689482471 20 1 1
12.8714524207012 20 1 1
12.9215358931553 20 1 1
12.9716193656094 20 1 1
13.0217028380634 20 1 1
13.0717863105175 20 1 1
13.1218697829716 20 1 1
13.1719532554257 20 1 1
13.2220367278798 20 1 1
13.2721202003339 20 1 1
13.3222036727880 20 1 1
13.3722871452421 20 1 1
13.4223706176962 20 1 1
13.4724540901503 20 1 1
13.5225375626043 20 1 1
13.5726210350584 20 1 1
13.6227045075125 20 1 1
13.6727879799666 20 1 1
13.7228714524207 20 1 1
13.7729549248748 20 1 1
13.8230383973289 20 1 1
13.8731218697830 20 1 1
13.9232053422371 20 1 1
13.9732888146912 20 1 1
14.0233722871452 20 1 1
14.0734557595993 20 1 1
14.1235392320534 20 1 1
14.1736227045075 20 1 1
14.2237061769616 20 1 1
14.2737896494157 20 1 1
14.3238731218698 20 1 1
14.3739565943239 20 1 1
14.4240400667780 20 1 1
14.4741235392321 20 1 1
14.5242070116861 20 1 1
14.5742904841402 20 1 1
14.6243739565943 20 1 1
14.6744574290484 20 1 1
14.7245409015025 20 1 1
14.7746243739566 20 1 1
14.8247078464107 20 1 1
14.8747913188648 20 1 1
14.9248747913189 20 1 1
14.9749582637730 20 1 1
15.0250417362270 20 1 1
15.0751252086811 20 1 1
15.1252086811352 20 1 1
15.1752921535893 20 1 1
15.2253756260434 20 1 1
15.2754590984975 20 1 1
15.3255425709516 20 1 1
15.3756260434057 20 1 1
15.4257095158598 20 1 1
15.4757929883139 20 1 1
15.5258764607679 20 1 1
15.5759599332220 20 1 1
15.6260434056761 20 1 1
15.6761268781302 20 1 1
15.7262103505843 20 1 1
15.7762938230384 20 1 1
15.8263772954925 20 1 1
15.8764607679466 20 1 1
15.9265442404007 20 1 1
15.9766277128548 20 1 1
16.0267111853088 20 1 1
16.0767946577629 20 1 1
16.1268781302170 20 1 1
16.1769616026711 20 1 1
16.2270450751252 20 1 1
16.2771285475793 20 1 1
16.3272120200334 20 1 1
16.3772954924875 20 1 1
16.4273789649416 20 1 1
16.4774624373957 20 1 1
16.5275459098498 20 1 1
16.5776293823038 20 1 1
16.6277128547579 20 1 1
16.6777963272120 20 1 1
16.7278797996661 20 1 1
16.7779632721202 20 1 1
16.8280467445743 20 1 1
16.8781302170284 20 1 1
16.9282136894825 20 1 1
16.9782971619366 20 1 1
17.0283806343907 20 1 1
17.0784641068447 20 1 1
17.1285475792988 20 1 1
17.1786310517529 20 1 1
17.2287145242070 20 1 1
17.2787979966611 20 1 1
17.3288814691152 20 1 1
17.3789649415693 20 1 1
17.4290484140234 20 1 1
17.4791318864775 20 1 1
17.5292153589316 20 1 1
17.5792988313856 20 1 1
17.6293823038397 20 1 1
17.6794657762938 20 1 1
17.7295492487479 20 1 1
17.7796327212020 20 1 1
17.8297161936561 20 1 1
17.8797996661102 20 1 1
17.9298831385643 20 1 1
17.9799666110184 20 1 1
18.0300500834725 20 1 1
18.0801335559265 20 1 1
18.1302170283806 20 1 1
18.1803005008347 20 1 1
18.2303839732888 20 1 1
18.2804674457429 20 1 1
18.3305509181970 20 1 1
18.3806343906511 20 1 1
18.4307178631052 20 1 1
18.4808013355593 20 1 1
18.5308848080134 20 1 1
18.5809682804674 20 1 1
18.6310517529215 20 1 1
18.6811352253756 20 1 1
18.7312186978297 20 1 1
18.7813021702838 20 1 1
18.8313856427379 20 1 1
18.8814691151920 20 1 1
18.9315525876461 20 1 1
18.9816360601002 20 1 1
19.0317195325543 20 1 1
19.0818030050083 20 1 1
19.1318864774624 20 1 1
19.1819699499165 20 1 1
19.2320534223706 20 1 1
19.2821368948247 20 1 1
19.3322203672788 20 1 1
19.3823038397329 20 1 1
19.4323873121870 20 1 1
19.4824707846411 20 1 1
19.5325542570952 20 1 1
19.5826377295492 20 1 1
19.6327212020033 20 1 1
19.6828046744574 20 1 1
19.7328881469115 20 1 1
19.7829716193656 20 1 1
19.8330550918197 20 1 1
19.8831385642738 20 1 1
19.9332220367279 20 1 1
19.9833055091820 20 1 1
20.0333889816361 20 1 1
20.0834724540902 20 1 1
20.1335559265442 20 1 1
20.1836393989983 20 1 1
20.2337228714524 20 1 1
20.2838063439065 20 1 1
20.3338898163606 20 1 1
20.3839732888147 20 1 1
20.4340567612688 20 1 1
20.4841402337229 20 1 1
20.5342237061770 20 1 1
20.5843071786311 20 1 1
20.6343906510851 20 1 1
20.6844741235392 20 1 1
20.7345575959933 20 1 1
20.7846410684474 20 1 1
20.8347245409015 20 1 1
20.8848080133556 20 1 1
20.9348914858097 20 1 1
20.9849749582638 20 1 1
21.0350584307179 20 1 1
21.0851419031720 20 1 1
21.1352253756260 20 1 1
21.1853088480801 20 1 1
21.2353923205342 20 1 1
21.2854757929883 20 1 1
21.3355592654424 20 1 1
21.3856427378965 20 1 1
21.4357262103506 20 1 1
21.4858096828047 20 1 1
21.5358931552588 20 1 1
21.5859766277129 20 1 1
21.6360601001669 20 1 1
21.6861435726210 20 1 1
21.7362270450751 20 1 1
21.7863105175292 20 1 1
21.8363939899833 20 1 1
21.8864774624374 20 1 1
21.9365609348915 20 1 1
21.9866444073456 20 1 1
22.0367278797997 20 1 1
22.0868113522538 20 1 1
22.1368948247078 20 1 1
22.1869782971619 20 1 1
22.2370617696160 20 1 1
22.2871452420701 20 1 1
22.3372287145242 20 1 1
22.3873121869783 20 1 1
22.4373956594324 20 1 1
22.4874791318865 20 1 1
22.5375626043406 20 1 1
22.5876460767947 20 1 1
22.6377295492487 20 1 1
22.6878130217028 20 1 1
22.7378964941569 20 1 1
22.7879799666110 20 1 1
22.8380634390651 20 1 1
22.8881469115192 20 1 1
22.9382303839733 20 1 1
22.9883138564274 20 1 1
23.0383973288815 20 1 1
23.0884808013356 20 1 1
23.1385642737897 20 1 1
23.1886477462437 20 1 1
23.2387312186978 20 1 1
23.2888146911519 20 1 1
23.3388981636060 20 1 1
23.3889816360601 20 1 1
23.4390651085142 20 1 1
23.4891485809683 20 1 1
23.5392320534224 20 1 1
23.5893155258765 20 1 1
23.6393989983306 20 1 1
23.6894824707846 20 1 1
23.7395659432387 20 1 1
23.7896494156928 20 1 1
23.8397328881469 20 1 1
23.8898163606010 20 1 1
23.9398998330551 20 1 1
23.9899833055092 20 1 1
24.0400667779633 20 1 1
24.0901502504174 20 1 1
24.1402337228715 20 1 1
24.1903171953255 20 1 1
24.2404006677796 20 1 1
24.2904841402337 20 1 1
24.3405676126878 20 1 1
24.3906510851419 20 1 1
24.4407345575960 20 1 1
24.4908180300501 20 1 1
24.5409015025042 20 1 1
24.5909849749583 20 1 1
24.6410684474124 20 1 1
24.6911519198664 20 1 1
24.7412353923205 20 1 1
24.7913188647746 20 1 1
24.8414023372287 20 1 1
24.8914858096828 20 1 1
24.9415692821369 20 1 1
24.9916527545910 20 1 1
25.0417362270451 20 1 1
25.0918196994992 20 1 1
25.1419031719533 20 1 1
25.1919866444073 20 1 1
25.2420701168614 20 1 1
25.2921535893155 20 1 1
25.3422370617696 20 1 1
25.3923205342237 20 1 1
25.4424040066778 20 1 1
25.4924874791319 20 1 1
25.5425709515860 20 1 1
25.5926544240401 20 1 1
25.6427378964942 20 1 1
25.6928213689483 20 1 1
25.7429048414023 20 1 1
25.7929883138564 20 1 1
25.8430717863105 20 1 1
25.8931552587646 20 1 1
25.9432387312187 20 1 1
25.9933222036728 20 1 1
26.0434056761269 20 1 1
26.0934891485810 20 1 1
26.1435726210351 20 1 1
26.1936560934892 20 1 1
26.2437395659432 20 1 1
26.2938230383973 20 1 1
26.3439065108514 20 1 1
26.3939899833055 20 1 1
26.4440734557596 20 1 1
26.4941569282137 20 1 1
26.5442404006678 20 1 1
26.5943238731219 20 1 1
26.6444073455760 20 1 1
26.6944908180301 20 1 1
26.7445742904841 20 1 1
26.7946577629382 20 1 1
26.8447412353923 20 1 1
26.8948247078464 20 1 1
26.9449081803005 20 1 1
26.9949916527546 20 1 1
27.0450751252087 20 1 1
27.0951585976628 20 1 1
27.1452420701169 20 1 1
27.1953255425710 20 1 1
27.2454090150250 20 1 1
27.2954924874791 20 1 1
27.3455759599332 20 1 1
27.3956594323873 20 1 1
27.4457429048414 20 1 1
27.4958263772955 20 1 1
27.5459098497496 20 1 1
27.5959933222037 20 1 1
27.6460767946578 20 1 1
27.6961602671119 20 1 1
27.7462437395659 20 1 1
27.7963272120200 20 1 1
27.8464106844741 20 1 1
27.8964941569282 20 1 1
27.9465776293823 20 1 1
27.9966611018364 20 1 1
28.0467445742905 20 1 1
28.0968280467446 20 1 1
28.1469115191987 20 1 1
28.1969949916528 20 1 1
28.2470784641068 20 1 1
28.2971619365609 20 1 1
28.3472454090150 20 1 1
28.3973288814691 20 1 1
28.4474123539232 20 1 1
28.4974958263773 20 1 1
28.5475792988314 20 1 1
28.5976627712855 20 1 1
28.6477462437396 20 1 1
28.6978297161937 20 1 1
28.7479131886477 20 1 1
28.7979966611018 20 1 1
28.8480801335559 20 1 1
28.8981636060100 20 1 1
28.9482470784641 20 1 1
28.9983305509182 20 1 1
29.0484140233723 20 1 1
29.0984974958264 20 1 1
29.1485809682805 20 1 1
29.1986644407346 20 1 1
29.2487479131886 20 1 1
29.2988313856427 20 1 1
29.3489148580968 20 1 1
29.3989983305509 20 1 1
29.4490818030050 20 1 1
29.4991652754591 20 1 1
29.5492487479132 20 1 1
29.5993322203673 20 1 1
29.6494156928214 20 1 1
29.6994991652755 20 1 1
29.7495826377296 20 1 1
29.7996661101836 20 1 1
29.8497495826377 20 1 1
29.8998330550918 20 1 1
29.9499165275459 20 1 1
30 20 1 1
30 20 1 1
30 19.9497487437186 1 1
30 19.8994974874372 1 1
30 19.8492462311558 1 1
30 19.7989949748744 1 1
30 19.7487437185930 1 1
30 19.6984924623116 1 1
30 19.6482412060302 1 1
30 19.5979899497487 1 1
30 19.5477386934673 1 1
30 19.4974874371859 1 1
30 19.4472361809045 1 1
30 19.3969849246231 1 1
30 19.3467336683417 1 1
30 19.2964824120603 1 1
30 19.2462311557789 1 1
30 19.1959798994975 1 1
30 19.1457286432161 1 1
30 19.0954773869347 1 1
30 19.0452261306533 1 1
30 18.9949748743719 1 1
30 18.9447236180905 1 1
30 18.8944723618090 1 1
30 18.8442211055276 1 1
30 18.7939698492462 1 1
30 18.7437185929648 1 1
30 18.6934673366834 1 1
30 18.6432160804020 1 1
30 18.5929648241206 1 1
30 18.5427135678392 1 1
30 18.4924623115578 1 1
30 18.4422110552764 1 1
30 18.3919597989950 1 1
30 18.3417085427136 1 1
30 18.2914572864322 1 1
30 18.2412060301508 1 1
30 18.1909547738693 1 1
30 18.1407035175879 1 1
30 18.0904522613065 1 1
30 18.0402010050251 1 1
30 17.9899497487437 1 1
30 17.9396984924623 1 1
30 17.8894472361809 1 1
30 17.8391959798995 1 1
30 17.7889447236181 1 1
30 17.7386934673367 1 1
30 17.6884422110553 1 1
30 17.6381909547739 1 1
30 17.5879396984925 1 1
30 17.5376884422111 1 1
30 17.4874371859296 1 1
30 17.4371859296482 1 1
30 17.3869346733668 1 1
30 17.3366834170854 1 1
30 17.2864321608040 1 1
30 17.2361809045226 1 1
30 17.1859296482412 1 1
30 17.1356783919598 1 1
30 17.0854271356784 1 1
30 17.0351758793970 1 1
30 16.9849246231156 1 1
30 16.9346733668342 1 1
30 16.8844221105528 1 1
30 16.8341708542714 1 1
30 16.7839195979900 1 1
30 16.7336683417085 1 1
30 16.6834170854271 1 1
30 16.6331658291457 1 1
30 16.5829145728643 1 1
30 16.5326633165829 1 1
30 16.4824120603015 1 1
30 16.4321608040201 1 1
30 16.3819095477387 1 1
30 16.3316582914573 1 1
30 16.2814070351759 1 1
30 16.2311557788945 1 1
30 16.1809045226131 1 1
30 16.1306532663317 1 1
30 16.0804020100503 1 1
30 16.0301507537688 1 1
30 15.9798994974874 1 1
30 15.9296482412060 1 1
30 15.8793969849246 1 1
30 15.8291457286432 1 1
30 15.7788944723618 1 1
30 15.7286432160804 1 1
30 15.6783919597990 1 1
30 15.6281407035176 1 1
30 15.5778894472362 1 1
30 15.5276381909548 1 1
30 15.4773869346734 1 1
30 15.4271356783920 1 1
30 15.3768844221106 1 1
30 15.3266331658291 1 1
30 15.2763819095477 1 1
30 15.2261306532663 1 1
30 15.1758793969849 1 1
30 15.1256281407035 1 1
30 15.0753768844221 1 1
30 15.0251256281407 1 1
30 14.9748743718593 1 1
30 14.9246231155779 1 1
30 14.8743718592965 1 1
30 14.8241206030151 1 1
30 14.7738693467337 1 1
30 14.7236180904523 1 1
30 14.6733668341709 1 1
30 14.6231155778894 1 1
30 14.5728643216080 1 1
30 14.5226130653266 1 1
30 14.4723618090452 1 1
30 14.4221105527638 1 1
30 14.3718592964824 1 1
30 14.3216080402010 1 1
30 14.2713567839196 1 1
30 14.2211055276382 1 1
30 14.1708542713568 1 1
30 14.1206030150754 1 1
30 14.0703517587940 1 1
30 14.0201005025126 1 1
30 13.9698492462312 1 1
30 13.9195979899497 1 1
30 13.8693467336683 1 1
30 13.8190954773869 1 1
30 13.7688442211055 1 1
30 13.7185929648241 1 1
30 13.6683417085427 1 1
30 13.6180904522613 1 1
30 13.5678391959799 1 1
30 13.5175879396985 1 1
30 13.4673366834171 1 1
30 13.4170854271357 1 1
30 13.3668341708543 1 1
30 13.3165829145729 1 1
30 13.2663316582915 1 1
30 13.2160804020101 1 1
30 13.1658291457286 1 1
30 13.1155778894472 1 1
30 13.0653266331658 1 1
30 13.0150753768844 1 1
30 12.9648241206030 1 1
30 12.9145728643216 1 1
30 12.8643216080402 1 1
30 12.8140703517588 1 1
30 12.7638190954774 1 1
30 12.7135678391960 1 1
30 12.6633165829146 1 1
30 12.6130653266332 1 1
30 12.5628140703518 1 1
30 12.5125628140704 1 1
30 12.4623115577889 1 1
30 12.4120603015075 1 1
30 12.3618090452261 1 1
30 12.3115577889447 1 1
30 12.2613065326633 1 1
30 12.2110552763819 1 1
30 12.1608040201005 1 1
30 12.1105527638191 1 1
30 12.0603015075377 1 1
30 12.0100502512563 1 1
30 11.9597989949749 1 1
30 11.9095477386935 1 1
30 11.8592964824121 1 1
30 11.8090452261307 1 1
30 11.7587939698492 1 1
30 11.7085427135678 1 1
30 11.6582914572864 1 1
30 11.6080402010050 1 1
30 11.5577889447236 1 1
30 11.5075376884422 1 1
30 11.4572864321608 1 1
30 11.4070351758794 1 1
30 11.3567839195980 1 1
30 11.3065326633166 1 1
30 11.2562814070352 1 1
30 11.2060301507538 1 1
30 11.1557788944724 1 1
30 11.1055276381910 1 1
30 11.0552763819095 1 1
30 11.0050251256281 1 1
30 10.9547738693467 1 1
30 10.9045226130653 1 1
30 10.8542713567839 1 1
30 10.8040201005025 1 1
30 10.7537688442211 1 1
30 10.7035175879397 1 1
30 10.6532663316583 1 1
30 10.6030150753769 1 1
30 10.5527638190955 1 1
30 10.5025125628141 1 1
30 10.4522613065327 1 1
30 10.4020100502513 1 1
30 10.3517587939699 1 1
30 10.3015075376884 1 1
30 10.2512562814070 1 1
30 10.2010050251256 1 1
30 10.1507537688442 1 1
30 10.1005025125628 1 1
30 10.0502512562814 1 1
30 10 1 1
30 10 1 1
29.9499165275459 10 1 1
29.8998330550918 10 1 1
29.8497495826377 10 1 1
29.7996661101836 10 1 1
29.7495826377296 10 1 1
29.6994991652755 10 1 1
29.6494156928214 10 1 1
29.5993322203673 10 1 1
29.5492487479132 10 1 1
29.4991652754591 10 1 1
29.4490818030050 10 1 1
29.3989983305509 10 1 1
29.3489148580968 10 1 1
29.2988313856427 10 1 1
29.2487479131886 10 1 1
29.1986644407346 10 1 1
29.1485809682805 10 1 1
29.0984974958264 10 1 1
29.0484140233723 10 1 1
28.9983305509182 10 1 1
28.9482470784641 10 1 1
28.8981636060100 10 1 1
28.8480801335559 10 1 1
28.7979966611018 10 1 1
28.7479131886477 10 1 1
28.6978297161937 10 1 1
28.6477462437396 10 1 1
28.5976627712855 10 1 1
28.5475792988314 10 1 1
28.4974958263773 10 1 1
28.4474123539232 10 1 1
28.3973288814691 10 1 1
28.3472454090150 10 1 1
28.2971619365609 10 1 1
28.2470784641068 10 1 1
28.1969949916528 10 1 1
28.1469115191987 10 1 1
28.0968280467446 10 1 1
28.0467445742905 10 1 1
27.9966611018364 10 1 1
27.9465776293823 10 1 1
27.8964941569282 10 1 1
27.8464106844741 10 1 1
27.7963272120200 10 1 1
27.7462437395659 10 1 1
27.6961602671119 10 1 1
27.6460767946578 10 1 1
27.5959933222037 10 1 1
27.5459098497496 10 1 1
27.4958263772955 10 1 1
27.4457429048414 10 1 1
27.3956594323873 10 1 1
27.3455759599332 10 1 1
27.2954924874791 10 1 1
27.2454090150250 10 1 1
27.1953255425710 10 1 1
27.1452420701169 10 1 1
27.0951585976628 10 1 1
27.0450751252087 10 1 1
26.9949916527546 10 1 1
26.9449081803005 10 1 1
26.8948247078464 10 1 1
26.8447412353923 10 1 1
26.7946577629382 10 1 1
26.7445742904841 10 1 1
26.6944908180301 10 1 1
26.6444073455760 10 1 1
26.5943238731219 10 1 1
26.5442404006678 10 1 1
26.4941569282137 10 1 1
26.4440734557596 10 1 1
26.3939899833055 10 1 1
26.3439065108514 10 1 1
26.2938230383973 10 1 1
26.2437395659432 10 1 1
26.1936560934892 10 1 1
26.1435726210351 10 1 1
26.0934891485810 10 1 1
26.0434056761269 10 1 1
25.9933222036728 10 1 1
25.9432387312187 10 1 1
25.8931552587646 10 1 1
25.8430717863105 10 1 1
25.7929883138564 10 1 1
25.7429048414023 10 1 1
25.6928213689483 10 1 1
25.6427378964942 10 1 1
25.5926544240401 10 1 1
25.5425709515860 10 1 1
25.4924874791319 10 1 1
25.4424040066778 10 1 1
25.3923205342237 10 1 1
25.3422370617696 10 1 1
25.2921535893155 10 1 1
25.2420701168614 10 1 1
25.1919866444073 10 1 1
25.1419031719533 10 1 1
25.0918196994992 10 1 1
25.0417362270451 10 1 1
24.9916527545910 10 1 1
24.9415692821369 10 1 1
24.8914858096828 10 1 1
24.8414023372287 10 1 1
24.7913188647746 10 1 1
24.7412353923205 10 1 1
24.6911519198664 10 1 1
24.6410684474124 10 1 1
24.5909849749583 10 1 1
24.5409015025042 10 1 1
24.4908180300501 10 1 1
24.4407345575960 10 1 1
24.3906510851419 10 1 1
24.3405676126878 10 1 1
24.2904841402337 10 1 1
24.2404006677796 10 1 1
24.1903171953255 10 1 1
24.1402337228715 10 1 1
24.0901502504174 10 1 1
24.0400667779633 10 1 1
23.9899833055092 10 1 1
23.9398998330551 10 1 1
23.8898163606010 10 1 1
23.8397328881469 10 1 1
23.7896494156928 10 1 1
23.7395659432387 10 1 1
23.6894824707846 10 1 1
23.6393989983306 10 1 1
23.5893155258765 10 1 1
23.5392320534224 10 1 1
23.4891485809683 10 1 1
23.4390651085142 10 1 1
23.3889816360601 10 1 1
23.3388981636060 10 1 1
23.2888146911519 10 1 1
23.2387312186978 10 1 1
23.1886477462437 10 1 1
23.1385642737896 10 1 1
23.0884808013356 10 1 1
23.0383973288815 10 1 1
22.9883138564274 10 1 1
22.9382303839733 10 1 1
22.8881469115192 10 1 1
22.8380634390651 10 1 1
22.7879799666110 10 1 1
22.7378964941569 10 1 1
22.6878130217028 10 1 1
22.6377295492487 10 1 1
22.5876460767947 10 1 1
22.5375626043406 10 1 1
22.4874791318865 10 1 1
22.4373956594324 10 1 1
22.3873121869783 10 1 1
22.3372287145242 10 1 1
22.2871452420701 10 1 1
22.2370617696160 10 1 1
22.1869782971619 10 1 1
22.1368948247078 10 1 1
22.0868113522538 10 1 1
22.0367278797997 10 1 1
21.9866444073456 10 1 1
21.9365609348915 10 1 1
21.8864774624374 10 1 1
21.8363939899833 10 1 1
21.7863105175292 10 1 1
21.7362270450751 10 1 1
21.6861435726210 10 1 1
21.6360601001669 10 1 1
21.5859766277129 10 1 1
21.5358931552588 10 1 1
21.4858096828047 10 1 1
21.4357262103506 10 1 1
21.3856427378965 10 1 1
21.3355592654424 10 1 1
21.2854757929883 10 1 1
21.2353923205342 10 1 1
21.1853088480801 10 1 1
21.1352253756260 10 1 1
21.0851419031720 10 1 1
21.0350584307179 10 1 1
20.9849749582638 10 1 1
20.9348914858097 10 1 1
20.8848080133556 10 1 1
20.8347245409015 10 1 1
20.7846410684474 10 1 1
20.7345575959933 10 1 1
20.6844741235392 10 1 1
20.6343906510851 10 1 1
20.5843071786311 10 1 1
20.5342237061770 10 1 1
20.4841402337229 10 1 1
20.4340567612688 10 1 1
20.3839732888147 10 1 1
20.3338898163606 10 1 1
20.2838063439065 10 1 1
20.2337228714524 10 1 1
20.1836393989983 10 1 1
20.1335559265442 10 1 1
20.0834724540902 10 1 1
20.0333889816361 10 1 1
19.9833055091820 10 1 1
19.9332220367279 10 1 1
19.8831385642738 10 1 1
19.8330550918197 10 1 1
19.7829716193656 10 1 1
19.7328881469115 10 1 1
19.6828046744574 10 1 1
19.6327212020033 10 1 1
19.5826377295492 10 1 1
19.5325542570952 10 1 1
19.4824707846411 10 1 1
19.4323873121870 10 1 1
19.3823038397329 10 1 1
19.3322203672788 10 1 1
19.2821368948247 10 1 1
19.2320534223706 10 1 1
19.1819699499165 10 1 1
19.1318864774624 10 1 1
19.0818030050083 10 1 1
19.0317195325543 10 1 1
18.9816360601002 10 1 1
18.9315525876461 10 1 1
18.8814691151920 10 1 1
18.8313856427379 10 1 1
18.7813021702838 10 1 1
18.7312186978297 10 1 1
18.6811352253756 10 1 1
18.6310517529215 10 1 1
18.5809682804674 10 1 1
18.5308848080134 10 1 1
18.4808013355593 10 1 1
18.4307178631052 10 1 1
18.3806343906511 10 1 1
18.3305509181970 10 1 1
18.2804674457429 10 1 1
18.2303839732888 10 1 1
18.1803005008347 10 1 1
18.1302170283806 10 1 1
18.0801335559265 10 1 1
18.0300500834725 10 1 1
17.9799666110184 10 1 1
17.9298831385643 10 1 1
17.8797996661102 10 1 1
17.8297161936561 10 1 1
17.7796327212020 10 1 1
17.7295492487479 10 1 1
17.6794657762938 10 1 1
17.6293823038397 10 1 1
17.5792988313856 10 1 1
17.5292153589316 10 1 1
17.4791318864775 10 1 1
17.4290484140234 10 1 1
17.3789649415693 10 1 1
17.3288814691152 10 1 1
17.2787979966611 10 1 1
17.2287145242070 10 1 1
17.1786310517529 10 1 1
17.1285475792988 10 1 1
17.0784641068447 10 1 1
17.0283806343907 10 1 1
16.9782971619366 10 1 1
16.9282136894825 10 1 1
16.8781302170284 10 1 1
16.8280467445743 10 1 1
16.7779632721202 10 1 1
16.7278797996661 10 1 1
16.6777963272120 10 1 1
16.6277128547579 10 1 1
16.5776293823038 10 1 1
16.5275459098498 10 1 1
16.4774624373957 10 1 1
16.4273789649416 10 1 1
16.3772954924875 10 1 1
16.3272120200334 10 1 1
16.2771285475793 10 1 1
16.2270450751252 10 1 1
16.1769616026711 10 1 1
16.1268781302170 10 1 1
16.0767946577629 10 1 1
16.0267111853088 10 1 1
15.9766277128548 10 1 1
15.9265442404007 10 1 1
15.8764607679466 10 1 1
15.8263772954925 10 1 1
15.7762938230384 10 1 1
15.7262103505843 10 1 1
15.6761268781302 10 1 1
15.6260434056761 10 1 1
15.5759599332220 10 1 1
15.5258764607679 10 1 1
15.4757929883139 10 1 1
15.4257095158598 10 1 1
15.3756260434057 10 1 1
15.3255425709516 10 1 1
15.2754590984975 10 1 1
15.2253756260434 10 1 1
15.1752921535893 10 1 1
15.1252086811352 10 1 1
15.0751252086811 10 1 1
15.0250417362270 10 1 1
14.9749582637730 10 1 1
14.9248747913189 10 1 1
14.8747913188648 10 1 1
14.8247078464107 10 1 1
14.7746243739566 10 1 1
14.7245409015025 10 1 1
14.6744574290484 10 1 1
14.6243739565943 10 1 1
14.5742904841402 10 1 1
14.5242070116861 10 1 1
14.4741235392321 10 1 1
14.4240400667780 10 1 1
14.3739565943239 10 1 1
14.3238731218698 10 1 1
14.2737896494157 10 1 1
14.2237061769616 10 1 1
14.1736227045075 10 1 1
14.1235392320534 10 1 1
14.0734557595993 10 1 1
14.0233722871452 10 1 1
13.9732888146912 10 1 1
13.9232053422371 10 1 1
13.8731218697830 10 1 1
13.8230383973289 10 1 1
13.7729549248748 10 1 1
13.7228714524207 10 1 1
13.6727879799666 10 1 1
13.6227045075125 10 1 1
13.5726210350584 10 1 1
13.5225375626043 10 1 1
13.4724540901503 10 1 1
13.4223706176962 10 1 1
13.3722871452421 10 1 1
13.3222036727880 10 1 1
13.2721202003339 10 1 1
13.2220367278798 10 1 1
13.1719532554257 10 1 1
13.1218697829716 10 1 1
13.0717863105175 10 1 1
13.0217028380634 10 1 1
12.9716193656094 10 1 1
12.9215358931553 10 1 1
12.8714524207012 10 1 1
12.8213689482471 10 1 1
12.7712854757930 10 1 1
12.7212020033389 10 1 1
12.6711185308848 10 1 1
12.6210350584307 10 1 1
12.5709515859766 10 1 1
12.5208681135225 10 1 1
12.4707846410684 10 1 1
12.4207011686144 10 1 1
12.3706176961603 10 1 1
12.3205342237062 10 1 1
12.2704507512521 10 1 1
12.2203672787980 10 1 1
12.1702838063439 10 1 1
12.1202003338898 10 1 1
12.0701168614357 10 1 1
12.0200333889816 10 1 1
11.9699499165275 10 1 1
11.9198664440735 10 1 1
11.8697829716194 10 1 1
11.8196994991653 10 1 1
11.7696160267112 10 1 1
11.7195325542571 10 1 1
11.6694490818030 10 1 1
11.6193656093489 10 1 1
11.5692821368948 10 1 1
11.5191986644407 10 1 1
11.4691151919866 10 1 1
11.4190317195326 10 1 1
11.3689482470785 10 1 1
11.3188647746244 10 1 1
11.2687813021703 10 1 1
11.2186978297162 10 1 1
11.1686143572621 10 1 1
11.1185308848080 10 1 1
11.0684474123539 10 1 1
11.0183639398998 10 1 1
10.9682804674457 10 1 1
10.9181969949917 10 1 1
10.8681135225376 10 1 1
10.8180300500835 10 1 1
10.7679465776294 10 1 1
10.7178631051753 10 1 1
10.6677796327212 10 1 1
10.6176961602671 10 1 1
10.5676126878130 10 1 1
10.5175292153589 10 1 1
10.4674457429048 10 1 1
10.4173622704508 10 1 1
10.3672787979967 10 1 1
10.3171953255426 10 1 1
10.2671118530885 10 1 1
10.2170283806344 10 1 1
10.1669449081803 10 1 1
10.1168614357262 10 1 1
10.0667779632721 10 1 1
10.0166944908180 10 1 1
9.96661101836394 10 1 1
9.91652754590985 10 1 1
9.86644407345576 10 1 1
9.81636060100167 10 1 1
9.76627712854758 10 1 1
9.71619365609349 10 1 1
9.66611018363940 10 1 1
9.61602671118531 10 1 1
9.56594323873122 10 1 1
9.51585976627713 10 1 1
9.46577629382304 10 1 1
9.41569282136895 10 1 1
9.36560934891486 10 1 1
9.31552587646077 10 1 1
9.26544240400668 10 1 1
9.21535893155259 10 1 1
9.16527545909850 10 1 1
9.11519198664441 10 1 1
9.06510851419032 10 1 1
9.01502504173623 10 1 1
8.96494156928214 10 1 1
8.91485809682805 10 1 1
8.86477462437396 10 1 1
8.81469115191987 10 1 1
8.76460767946578 10 1 1
8.71452420701169 10 1 1
8.66444073455759 10 1 1
8.61435726210351 10 1 1
8.56427378964942 10 1 1
8.51419031719533 10 1 1
8.46410684474123 10 1 1
8.41402337228714 10 1 1
8.36393989983306 10 1 1
8.31385642737897 10 1 1
8.26377295492488 10 1 1
8.21368948247078 10 1 1
8.16360601001669 10 1 1
8.11352253756261 10 1 1
8.06343906510852 10 1 1
8.01335559265442 10 1 1
7.96327212020033 10 1 1
7.91318864774624 10 1 1
7.86310517529216 10 1 1
7.81302170283806 10 1 1
7.76293823038397 10 1 1
7.71285475792988 10 1 1
7.66277128547579 10 1 1
7.61268781302170 10 1 1
7.56260434056761 10 1 1
7.51252086811352 10 1 1
7.46243739565943 10 1 1
7.41235392320534 10 1 1
7.36227045075125 10 1 1
7.31218697829716 10 1 1
7.26210350584307 10 1 1
7.21202003338898 10 1 1
7.16193656093489 10 1 1
7.11185308848080 10 1 1
7.06176961602671 10 1 1
7.01168614357262 10 1 1
6.96160267111853 10 1 1
6.91151919866444 10 1 1
6.86143572621035 10 1 1
6.81135225375626 10 1 1
6.76126878130217 10 1 1
6.71118530884808 10 1 1
6.66110183639399 10 1 1
6.61101836393990 10 1 1
6.56093489148581 10 1 1
6.51085141903172 10 1 1
6.46076794657763 10 1 1
6.41068447412354 10 1 1
6.36060100166945 10 1 1
6.31051752921536 10 1 1
6.26043405676127 10 1 1
6.21035058430718 10 1 1
6.16026711185309 10 1 1
6.11018363939900 10 1 1
6.06010016694491 10 1 1
6.01001669449082 10 1 1
5.95993322203673 10 1 1
5.90984974958264 10 1 1
5.85976627712855 10 1 1
5.80968280467446 10 1 1
5.75959933222037 10 1 1
5.70951585976628 10 1 1
5.65943238731219 10 1 1
5.60934891485810 10 1 1
5.55926544240401 10 1 1
5.50918196994992 10 1 1
5.45909849749583 10 1 1
5.40901502504174 10 1 1
5.35893155258765 10 1 1
5.30884808013355 10 1 1
5.25876460767947 10 1 1
5.20868113522538 10 1 1
5.15859766277129 10 1 1
5.10851419031719 10 1 1
5.05843071786310 10 1 1
5.00834724540902 10 1 1
4.95826377295493 10 1 1
4.90818030050084 10 1 1
4.85809682804674 10 1 1
4.80801335559265 10 1 1
4.75792988313857 10 1 1
4.70784641068448 10 1 1
4.65776293823038 10 1 1
4.60767946577629 10 1 1
4.55759599332220 10 1 1
4.50751252086812 10 1 1
4.45742904841402 10 1 1
4.40734557595993 10 1 1
4.35726210350584 10 1 1
4.30717863105175 10 1 1
4.25709515859766 10 1 1
4.20701168614357 10 1 1
4.15692821368948 10 1 1
4.10684474123539 10 1 1
4.05676126878130 10 1 1
4.00667779632721 10 1 1
3.95659432387312 10 1 1
3.90651085141903 10 1 1
3.85642737896494 10 1 1
3.80634390651085 10 1 1
3.75626043405676 10 1 1
3.70617696160267 10 1 1
3.65609348914858 10 1 1
3.60601001669449 10 1 1
3.55592654424040 10 1 1
3.50584307178631 10 1 1
3.45575959933222 10 1 1
3.40567612687813 10 1 1
3.35559265442404 10 1 1
3.30550918196995 10 1 1
3.25542570951586 10 1 1
3.20534223706177 10 1 1
3.15525876460768 10 1 1
3.10517529215359 10 1 1
3.05509181969950 10 1 1
3.00500834724541 10 1 1
2.95492487479132 10 1 1
2.90484140233723 10 1 1
2.85475792988314 10 1 1
2.80467445742905 10 1 1
2.75459098497496 10 1 1
2.70450751252087 10 1 1
2.65442404006678 10 1 1
2.60434056761269 10 1 1
2.55425709515860 10 1 1
2.50417362270451 10 1 1
2.45409015025042 10 1 1
2.40400667779633 10 1 1
2.35392320534224 10 1 1
2.30383973288815 10 1 1
2.25375626043406 10 1 1
2.20367278797997 10 1 1
2.15358931552588 10 1 1
2.10350584307179 10 1 1
2.05342237061770 10 1 1
2.00333889816361 10 1 1
1.95325542570951 10 1 1
1.90317195325543 10 1 1
1.85308848080134 10 1 1
1.80300500834725 10 1 1
1.75292153589315 10 1 1
1.70283806343906 10 1 1
1.65275459098498 10 1 1
1.60267111853089 10 1 1
1.55258764607679 10 1 1
1.50250417362270 10 1 1
1.45242070116861 10 1 1
1.40233722871453 10 1 1
1.35225375626043 10 1 1
1.30217028380634 10 1 1
1.25208681135225 10 1 1
1.20200333889816 10 1 1
1.15191986644408 10 1 1
1.10183639398998 10 1 1
1.05175292153589 10 1 1
1.00166944908180 10 1 1
0.951585976627712 10 1 1
0.901502504173624 10 1 1
0.851419031719534 10 1 1
0.801335559265443 10 1 1
0.751252086811352 10 1 1
0.701168614357261 10 1 1
0.651085141903170 10 1 1
0.601001669449083 10 1 1
0.550918196994992 10 1 1
0.500834724540901 10 1 1
0.450751252086810 10 1 1
0.400667779632720 10 1 1
0.350584307178632 10 1 1
0.300500834724542 10 1 1
0.250417362270451 10 1 1
0.200333889816360 10 1 1
0.150250417362269 10 1 1
0.100166944908182 10 1 1
0.0500834724540908 10 1 1
0 10 1 1
0 10 1 1
0 9.94987468671679 1 1
0 9.89974937343358 1 1
0 9.84962406015038 1 1
0 9.79949874686717 1 1
0 9.74937343358396 1 1
0 9.69924812030075 1 1
0 9.64912280701754 1 1
0 9.59899749373434 1 1
0 9.54887218045113 1 1
0 9.49874686716792 1 1
0 9.44862155388471 1 1
0 9.39849624060150 1 1
0 9.34837092731830 1 1
0 9.29824561403509 1 1
0 9.24812030075188 1 1
0 9.19799498746867 1 1
0 9.14786967418546 1 1
0 9.09774436090225 1 1
0 9.04761904761905 1 1
0 8.99749373433584 1 1
0 8.94736842105263 1 1
0 8.89724310776942 1 1
0 8.84711779448621 1 1
0 8.79699248120301 1 1
0 8.74686716791980 1 1
0 8.69674185463659 1 1
0 8.64661654135338 1 1
0 8.59649122807018 1 1
0 8.54636591478697 1 1
0 8.49624060150376 1 1
0 8.44611528822055 1 1
0 8.39598997493734 1 1
0 8.34586466165414 1 1
0 8.29573934837093 1 1
0 8.24561403508772 1 1
0 8.19548872180451 1 1
0 8.14536340852130 1 1
0 8.09523809523810 1 1
0 8.04511278195489 1 1
0 7.99498746867168 1 1
0 7.94486215538847 1 1
0 7.89473684210526 1 1
0 7.84461152882206 1 1
0 7.79448621553885 1 1
0 7.74436090225564 1 1
0 7.69423558897243 1 1
0 7.64411027568922 1 1
0 7.59398496240601 1 1
0 7.54385964912281 1 1
0 7.49373433583960 1 1
0 7.44360902255639 1 1
0 7.39348370927318 1 1
0 7.34335839598997 1 1
0 7.29323308270677 1 1
0 7.24310776942356 1 1
0 7.19298245614035 1 1
0 7.14285714285714 1 1
0 7.09273182957393 1 1
0 7.04260651629073 1 1
0 6.99248120300752 1 1
0 6.94235588972431 1 1
0 6.89223057644110 1 1
0 6.84210526315790 1 1
0 6.79197994987469 1 1
0 6.74185463659148 1 1
0 6.69172932330827 1 1
0 6.64160401002506 1 1
0 6.59147869674185 1 1
0 6.54135338345865 1 1
0 6.49122807017544 1 1
0 6.44110275689223 1 1
0 6.39097744360902 1 1
0 6.34085213032581 1 1
0 6.29072681704261 1 1
0 6.24060150375940 1 1
0 6.19047619047619 1 1
0 6.14035087719298 1 1
0 6.09022556390977 1 1
0 6.04010025062657 1 1
0 5.98997493734336 1 1
0 5.93984962406015 1 1
0 5.88972431077694 1 1
0 5.83959899749373 1 1
0 5.78947368421053 1 1
0 5.73934837092732 1 1
0 5.68922305764411 1 1
0 5.63909774436090 1 1
0 5.58897243107769 1 1
0 5.53884711779449 1 1
0 5.48872180451128 1 1
0 5.43859649122807 1 1
0 5.38847117794486 1 1
0 5.33834586466165 1 1
0 5.28822055137845 1 1
0 5.23809523809524 1 1
0 5.18796992481203 1 1
0 5.13784461152882 1 1
0 5.08771929824561 1 1
0 5.03759398496241 1 1
0 4.98746867167920 1 1
0 4.93734335839599 1 1
0 4.88721804511278 1 1
0 4.83709273182957 1 1
0 4.78696741854637 1 1
0 4.73684210526316 1 1
0 4.68671679197995 1 1
0 4.63659147869674 1 1
0 4.58646616541353 1 1
0 4.53634085213033 1 1
0 4.48621553884712 1 1
0 4.43609022556391 1 1
0 4.38596491228070 1 1
0 4.33583959899749 1 1
0 4.28571428571429 1 1
0 4.23558897243108 1 1
0 4.18546365914787 1 1
0 4.13533834586466 1 1
0 4.08521303258145 1 1
0 4.03508771929825 1 1
0 3.98496240601504 1 1
0 3.93483709273183 1 1
0 3.88471177944862 1 1
0 3.83458646616541 1 1
0 3.78446115288221 1 1
0 3.73433583959900 1 1
0 3.68421052631579 1 1
0 3.63408521303258 1 1
0 3.58395989974937 1 1
0 3.53383458646617 1 1
0 3.48370927318296 1 1
0 3.43358395989975 1 1
0 3.38345864661654 1 1
0 3.33333333333333 1 1
0 3.28320802005013 1 1
0 3.23308270676692 1 1
0 3.18295739348371 1 1
0 3.13283208020050 1 1
0 3.08270676691729 1 1
0 3.03258145363409 1 1
0 2.98245614035088 1 1
0 2.93233082706767 1 1
0 2.88220551378446 1 1
0 2.83208020050125 1 1
0 2.78195488721805 1 1
0 2.73182957393484 1 1
0 2.68170426065163 1 1
0 2.63157894736842 1 1
0 2.58145363408521 1 1
0 2.53132832080200 1 1
0 2.48120300751880 1 1
0 2.43107769423559 1 1
0 2.38095238095238 1 1
0 2.33082706766917 1 1
0 2.28070175438597 1 1
0 2.23057644110276 1 1
0 2.18045112781955 1 1
0 2.13032581453634 1 1
0 2.08020050125313 1 1
0 2.03007518796992 1 1
0 1.97994987468672 1 1
0 1.92982456140351 1 1
0 1.87969924812030 1 1
0 1.82957393483709 1 1
0 1.77944862155388 1 1
0 1.72932330827068 1 1
0 1.67919799498747 1 1
0 1.62907268170426 1 1
0 1.57894736842105 1 1
0 1.52882205513784 1 1
0 1.47869674185464 1 1
0 1.42857142857143 1 1
0 1.37844611528822 1 1
0 1.32832080200501 1 1
0 1.27819548872180 1 1
0 1.22807017543860 1 1
0 1.17794486215539 1 1
0 1.12781954887218 1 1
0 1.07769423558897 1 1
0 1.02756892230576 1 1
0 0.977443609022556 1 1
0 0.927318295739348 1 1
0 0.877192982456140 1 1
0 0.827067669172932 1 1
0 0.776942355889724 1 1
0 0.726817042606516 1 1
0 0.676691729323308 1 1
0 0.626566416040100 1 1
0 0.576441102756892 1 1
0 0.526315789473684 1 1
0 0.476190476190476 1 1
0 0.426065162907268 1 1
0 0.375939849624060 1 1
0 0.325814536340852 1 1
0 0.275689223057644 1 1
0 0.225563909774436 1 1
0 0.175438596491228 1 1
0 0.125313283208020 1 1
0 0.0751879699248120 1 1
0 0.0250626566416040 1 1
0 -0.0250626566416040 1 1
0 -0.0751879699248120 1 1
0 -0.125313283208020 1 1
0 -0.175438596491228 1 1
0 -0.225563909774436 1 1
0 -0.275689223057644 1 1
0 -0.325814536340852 1 1
0 -0.375939849624060 1 1
0 -0.426065162907268 1 1
0 -0.476190476190476 1 1
0 -0.526315789473684 1 1
0 -0.576441102756892 1 1
0 -0.626566416040100 1 1
0 -0.676691729323308 1 1
0 -0.726817042606516 1 1
0 -0.776942355889724 1 1
0 -0.827067669172932 1 1
0 -0.877192982456140 1 1
0 -0.927318295739348 1 1
0 -0.977443609022556 1 1
0 -1.02756892230576 1 1
0 -1.07769423558897 1 1
0 -1.12781954887218 1 1
0 -1.17794486215539 1 1
0 -1.22807017543860 1 1
0 -1.27819548872180 1 1
0 -1.32832080200501 1 1
0 -1.37844611528822 1 1
0 -1.42857142857143 1 1
0 -1.47869674185464 1 1
0 -1.52882205513784 1 1
0 -1.57894736842105 1 1
0 -1.62907268170426 1 1
0 -1.67919799498747 1 1
0 -1.72932330827068 1 1
0 -1.77944862155388 1 1
0 -1.82957393483709 1 1
0 -1.87969924812030 1 1
0 -1.92982456140351 1 1
0 -1.97994987468672 1 1
0 -2.03007518796992 1 1
0 -2.08020050125313 1 1
0 -2.13032581453634 1 1
0 -2.18045112781955 1 1
0 -2.23057644110276 1 1
0 -2.28070175438597 1 1
0 -2.33082706766917 1 1
0 -2.38095238095238 1 1
0 -2.43107769423559 1 1
0 -2.48120300751880 1 1
0 -2.53132832080200 1 1
0 -2.58145363408521 1 1
0 -2.63157894736842 1 1
0 -2.68170426065163 1 1
0 -2.73182957393484 1 1
0 -2.78195488721805 1 1
0 -2.83208020050125 1 1
0 -2.88220551378446 1 1
0 -2.93233082706767 1 1
0 -2.98245614035088 1 1
0 -3.03258145363409 1 1
0 -3.08270676691729 1 1
0 -3.13283208020050 1 1
0 -3.18295739348371 1 1
0 -3.23308270676692 1 1
0 -3.28320802005013 1 1
0 -3.33333333333333 1 1
0 -3.38345864661654 1 1
0 -3.43358395989975 1 1
0 -3.48370927318296 1 1
0 -3.53383458646617 1 1
0 -3.58395989974937 1 1
0 -3.63408521303258 1 1
0 -3.68421052631579 1 1
0 -3.73433583959900 1 1
0 -3.78446115288221 1 1
0 -3.83458646616541 1 1
0 -3.88471177944862 1 1
0 -3.93483709273183 1 1
0 -3.98496240601504 1 1
0 -4.03508771929825 1 1
0 -4.08521303258145 1 1
0 -4.13533834586466 1 1
0 -4.18546365914787 1 1
0 -4.23558897243108 1 1
0 -4.28571428571429 1 1
0 -4.33583959899749 1 1
0 -4.38596491228070 1 1
0 -4.43609022556391 1 1
0 -4.48621553884712 1 1
0 -4.53634085213033 1 1
0 -4.58646616541353 1 1
0 -4.63659147869674 1 1
0 -4.68671679197995 1 1
0 -4.73684210526316 1 1
0 -4.78696741854637 1 1
0 -4.83709273182957 1 1
0 -4.88721804511278 1 1
0 -4.93734335839599 1 1
0 -4.98746867167920 1 1
0 -5.03759398496241 1 1
0 -5.08771929824561 1 1
0 -5.13784461152882 1 1
0 -5.18796992481203 1 1
0 -5.23809523809524 1 1
0 -5.28822055137845 1 1
0 -5.33834586466165 1 1
0 -5.38847117794486 1 1
0 -5.43859649122807 1 1
0 -5.48872180451128 1 1
0 -5.53884711779449 1 1
0 -5.58897243107769 1 1
0 -5.63909774436090 1 1
0 -5.68922305764411 1 1
0 -5.73934837092732 1 1
0 -5.78947368421053 1 1
0 -5.83959899749373 1 1
0 -5.88972431077694 1 1
0 -5.93984962406015 1 1
0 -5.98997493734336 1 1
0 -6.04010025062657 1 1
0 -6.09022556390977 1 1
0 -6.14035087719298 1 1
0 -6.19047619047619 1 1
0 -6.24060150375940 1 1
0 -6.29072681704261 1 1
0 -6.34085213032581 1 1
0 -6.39097744360902 1 1
0 -6.44110275689223 1 1
0 -6.49122807017544 1 1
0 -6.54135338345865 1 1
0 -6.59147869674185 1 1
0 -6.64160401002506 1 1
0 -6.69172932330827 1 1
0 -6.74185463659148 1 1
0 -6.79197994987469 1 1
0 -6.84210526315790 1 1
0 -6.89223057644110 1 1
0 -6.94235588972431 1 1
0 -6.99248120300752 1 1
0 -7.04260651629073 1 1
0 -7.09273182957393 1 1
0 -7.14285714285714 1 1
0 -7.19298245614035 1 1
0 -7.24310776942356 1 1
0 -7.29323308270677 1 1
0 -7.34335839598997 1 1
0 -7.39348370927318 1 1
0 -7.44360902255639 1 1
0 -7.49373433583960 1 1
0 -7.54385964912281 1 1
0 -7.59398496240601 1 1
0 -7.64411027568922 1 1
0 -7.69423558897243 1 1
0 -7.74436090225564 1 1
0 -7.79448621553885 1 1
0 -7.84461152882206 1 1
0 -7.89473684210526 1 1
0 -7.94486215538847 1 1
0 -7.99498746867168 1 1
0 -8.04511278195489 1 1
0 -8.09523809523810 1 1
0 -8.14536340852130 1 1
0 -8.19548872180451 1 1
0 -8.24561403508772 1 1
0 -8.29573934837093 1 1
0 -8.34586466165414 1 1
0 -8.39598997493734 1 1
0 -8.44611528822055 1 1
0 -8.49624060150376 1 1
0 -8.54636591478697 1 1
0 -8.59649122807018 1 1
0 -8.64661654135338 1 1
0 -8.69674185463659 1 1
0 -8.74686716791980 1 1
0 -8.79699248120301 1 1
0 -8.84711779448621 1 1
0 -8.89724310776942 1 1
0 -8.94736842105263 1 1
0 -8.99749373433584 1 1
0 -9.04761904761905 1 1
0 -9.09774436090225 1 1
0 -9.14786967418546 1 1
0 -9.19799498746867 1 1
0 -9.24812030075188 1 1
0 -9.29824561403509 1 1
0 -9.34837092731830 1 1
0 -9.39849624060150 1 1
0 -9.44862155388471 1 1
0 -9.49874686716792 1 1
0 -9.54887218045113 1 1
0 -9.59899749373434 1 1
0 -9.64912280701754 1 1
0 -9.69924812030075 1 1
0 -9.74937343358396 1 1
0 -9.79949874686717 1 1
0 -9.84962406015038 1 1
0 -9.89974937343358 1 1
0 -9.94987468671679 1 1
0 -10 1 1
0 -10 1 1
0.0502512562814070 -10 1 1
0.100502512562814 -10 1 1
0.150753768844221 -10 1 1
0.201005025125628 -10 1 1
0.251256281407035 -10 1 1
0.301507537688442 -10 1 1
0.351758793969849 -10 1 1
0.402010050251256 -10 1 1
0.452261306532663 -10 1 1
0.502512562814070 -10 1 1
0.552763819095477 -10 1 1
0.603015075376884 -10 1 1
0.653266331658292 -10 1 1
0.703517587939699 -10 1 1
0.753768844221106 -10 1 1
0.804020100502513 -10 1 1
0.854271356783920 -10 1 1
0.904522613065327 -10 1 1
0.954773869346734 -10 1 1
1.00502512562814 -10 1 1
1.05527638190955 -10 1 1
1.10552763819095 -10 1 1
1.15577889447236 -10 1 1
1.20603015075377 -10 1 1
1.25628140703518 -10 1 1
1.30653266331658 -10 1 1
1.35678391959799 -10 1 1
1.40703517587940 -10 1 1
1.45728643216080 -10 1 1
1.50753768844221 -10 1 1
1.55778894472362 -10 1 1
1.60804020100503 -10 1 1
1.65829145728643 -10 1 1
1.70854271356784 -10 1 1
1.75879396984925 -10 1 1
1.80904522613065 -10 1 1
1.85929648241206 -10 1 1
1.90954773869347 -10 1 1
1.95979899497487 -10 1 1
2.01005025125628 -10 1 1
2.06030150753769 -10 1 1
2.11055276381910 -10 1 1
2.16080402010050 -10 1 1
2.21105527638191 -10 1 1
2.26130653266332 -10 1 1
2.31155778894472 -10 1 1
2.36180904522613 -10 1 1
2.41206030150754 -10 1 1
2.46231155778894 -10 1 1
2.51256281407035 -10 1 1
2.56281407035176 -10 1 1
2.61306532663317 -10 1 1
2.66331658291457 -10 1 1
2.71356783919598 -10 1 1
2.76381909547739 -10 1 1
2.81407035175879 -10 1 1
2.86432160804020 -10 1 1
2.91457286432161 -10 1 1
2.96482412060302 -10 1 1
3.01507537688442 -10 1 1
3.06532663316583 -10 1 1
3.11557788944724 -10 1 1
3.16582914572864 -10 1 1
3.21608040201005 -10 1 1
3.26633165829146 -10 1 1
3.31658291457286 -10 1 1
3.36683417085427 -10 1 1
3.41708542713568 -10 1 1
3.46733668341709 -10 1 1
3.51758793969849 -10 1 1
3.56783919597990 -10 1 1
3.61809045226131 -10 1 1
3.66834170854271 -10 1 1
3.71859296482412 -10 1 1
3.76884422110553 -10 1 1
3.81909547738694 -10 1 1
3.86934673366834 -10 1 1
3.91959798994975 -10 1 1
3.96984924623116 -10 1 1
4.02010050251256 -10 1 1
4.07035175879397 -10 1 1
4.12060301507538 -10 1 1
4.17085427135678 -10 1 1
4.22110552763819 -10 1 1
4.27135678391960 -10 1 1
4.32160804020101 -10 1 1
4.37185929648241 -10 1 1
4.42211055276382 -10 1 1
4.47236180904523 -10 1 1
4.52261306532663 -10 1 1
4.57286432160804 -10 1 1
4.62311557788945 -10 1 1
4.67336683417085 -10 1 1
4.72361809045226 -10 1 1
4.77386934673367 -10 1 1
4.82412060301508 -10 1 1
4.87437185929648 -10 1 1
4.92462311557789 -10 1 1
4.97487437185930 -10 1 1
5.02512562814070 -10 1 1
5.07537688442211 -10 1 1
5.12562814070352 -10 1 1
5.17587939698493 -10 1 1
5.22613065326633 -10 1 1
5.27638190954774 -10 1 1
5.32663316582915 -10 1 1
5.37688442211055 -10 1 1
5.42713567839196 -10 1 1
5.47738693467337 -10 1 1
5.52763819095477 -10 1 1
5.57788944723618 -10 1 1
5.62814070351759 -10 1 1
5.67839195979900 -10 1 1
5.72864321608040 -10 1 1
5.77889447236181 -10 1 1
5.82914572864322 -10 1 1
5.87939698492462 -10 1 1
5.92964824120603 -10 1 1
5.97989949748744 -10 1 1
6.03015075376885 -10 1 1
6.08040201005025 -10 1 1
6.13065326633166 -10 1 1
6.18090452261307 -10 1 1
6.23115577889447 -10 1 1
6.28140703517588 -10 1 1
6.33165829145729 -10 1 1
6.38190954773869 -10 1 1
6.43216080402010 -10 1 1
6.48241206030151 -10 1 1
6.53266331658292 -10 1 1
6.58291457286432 -10 1 1
6.63316582914573 -10 1 1
6.68341708542714 -10 1 1
6.73366834170854 -10 1 1
6.78391959798995 -10 1 1
6.83417085427136 -10 1 1
6.88442211055276 -10 1 1
6.93467336683417 -10 1 1
6.98492462311558 -10 1 1
7.03517587939699 -10 1 1
7.08542713567839 -10 1 1
7.13567839195980 -10 1 1
7.18592964824121 -10 1 1
7.23618090452261 -10 1 1
7.28643216080402 -10 1 1
7.33668341708543 -10 1 1
7.38693467336683 -10 1 1
7.43718592964824 -10 1 1
7.48743718592965 -10 1 1
7.53768844221106 -10 1 1
7.58793969849246 -10 1 1
7.63819095477387 -10 1 1
7.68844221105528 -10 1 1
7.73869346733668 -10 1 1
7.78894472361809 -10 1 1
7.83919597989950 -10 1 1
7.88944723618091 -10 1 1
7.93969849246231 -10 1 1
7.98994974874372 -10 1 1
8.04020100502513 -10 1 1
8.09045226130653 -10 1 1
8.14070351758794 -10 1 1
8.19095477386935 -10 1 1
8.24120603015075 -10 1 1
8.29145728643216 -10 1 1
8.34170854271357 -10 1 1
8.39195979899498 -10 1 1
8.44221105527638 -10 1 1
8.49246231155779 -10 1 1
8.54271356783920 -10 1 1
8.59296482412060 -10 1 1
8.64321608040201 -10 1 1
8.69346733668342 -10 1 1
8.74371859296482 -10 1 1
8.79396984924623 -10 1 1
8.84422110552764 -10 1 1
8.89447236180905 -10 1 1
8.94472361809045 -10 1 1
8.99497487437186 -10 1 1
9.04522613065327 -10 1 1
9.09547738693467 -10 1 1
9.14572864321608 -10 1 1
9.19597989949749 -10 1 1
9.24623115577889 -10 1 1
9.29648241206030 -10 1 1
9.34673366834171 -10 1 1
9.39698492462312 -10 1 1
9.44723618090452 -10 1 1
9.49748743718593 -10 1 1
9.54773869346734 -10 1 1
9.59798994974874 -10 1 1
9.64824120603015 -10 1 1
9.69849246231156 -10 1 1
9.74874371859296 -10 1 1
9.79899497487437 -10 1 1
9.84924623115578 -10 1 1
9.89949748743719 -10 1 1
9.94974874371859 -10 1 1
10 -10 1 1