1 1 1 1
1.00066931638570 1.00625897658221 1 1
1.00110359032272 1.01239328542174 1 1
1.00130483781591 1.01840337549562 1 1
1.00127507487014 1.02428969578087 1 1
1.00101631749026 1.03005269525450 1 1
1.00053058168113 1.03569282289354 1 1
0.999819883447607 1.04121052767500 1 1
0.998886238794546 1.04660625857591 1 1
0.997731663726807 1.05188046457329 1 1
0.996358174249246 1.05703359464415 1 1
0.994767786366722 1.06206609776552 1 1
0.992962516084092 1.06697842291441 1 1
0.990944379406213 1.07177101906785 1 1
0.988715392337943 1.07644433520285 1 1
0.986277570884139 1.08099882029644 1 1
0.983632931049660 1.08543492332564 1 1
0.980783488839361 1.08975309326747 1 1
0.977731260258102 1.09395377909893 1 1
0.974478261310739 1.09803742979707 1 1
0.971026508002130 1.10200449433889 1 1
0.967378016337133 1.10585542170142 1 1
0.963534802320604 1.10959066086167 1 1
0.959498881957402 1.11321066079667 1 1
0.955272271252384 1.11671587048344 1 1
0.950856986210408 1.12010673889899 1 1
0.946255042836330 1.12338371502034 1 1
0.941468457135009 1.12654724782453 1 1
0.936499245111302 1.12959778628856 1 1
0.931349422770067 1.13253577938945 1 1
0.926021006116160 1.13536167610424 1 1
0.920516011154440 1.13807592540992 1 1
0.914836453889764 1.14067897628354 1 1
0.908984350326990 1.14317127770210 1 1
0.902961716470974 1.14555327864262 1 1
0.896770568326576 1.14782542808214 1 1
0.890412921898651 1.14998817499766 1 1
0.883890793192058 1.15204196836620 1 1
0.877206198211654 1.15398725716479 1 1
0.870361152962296 1.15582449037045 1 1
0.863357673448843 1.15755411696019 1 1
0.856197775676151 1.15917658591104 1 1
0.848883475649079 1.16069234620002 1 1
0.841416789372483 1.16210184680414 1 1
0.833799732851221 1.16340553670043 1 1
0.826034322090151 1.16460386486590 1 1
0.818122573094130 1.16569728027758 1 1
0.810066501868015 1.16668623191249 1 1
0.801868124416665 1.16757116874764 1 1
0.793529456744936 1.16835253976006 1 1
0.785052514857687 1.16903079392677 1 1
0.776439314759774 1.16960638022478 1 1
0.767691872456056 1.17007974763112 1 1
0.758812203951389 1.17045134512281 1 1
0.749802325250631 1.17072162167686 1 1
0.740664252358640 1.17089102627030 1 1
0.731400001280274 1.17096000788014 1 1
0.722011588020389 1.17092901548341 1 1
0.712501028583843 1.17079849805713 1 1
0.702870338975494 1.17056890457831 1 1
0.693121535200200 1.17024068402398 1 1
0.683256633262817 1.16981428537116 1 1
0.673277649168203 1.16929015759686 1 1
0.663186598921216 1.16866874967811 1 1
0.652985498526714 1.16795051059192 1 1
0.642676363989553 1.16713588931532 1 1
0.632261211314591 1.16622533482533 1 1
0.621742056506687 1.16521929609897 1 1
0.611120915570696 1.16411822211325 1 1
0.600399804511478 1.16292256184519 1 1
0.589580739333889 1.16163276427183 1 1
0.578665736042786 1.16024927837017 1 1
0.567656810643028 1.15877255311724 1 1
0.556555979139472 1.15720303749005 1 1
0.545365257536975 1.15554118046563 1 1
0.534086661840395 1.15378743102100 1 1
0.522722208054590 1.15194223813317 1 1
0.511273912184416 1.15000605077917 1 1
0.499743790234732 1.14797931793602 1 1
0.488133858210395 1.14586248858073 1 1
0.476446132116261 1.14365601169033 1 1
0.464682627957190 1.14136033624183 1 1
0.452845361738039 1.13897591121227 1 1
0.440936349463664 1.13650318557865 1 1
0.428957607138924 1.13394260831799 1 1
0.416911150768676 1.13129462840732 1 1
0.404798996357777 1.12855969482366 1 1
0.392623159911085 1.12573825654403 1 1
0.380385657433458 1.12283076254544 1 1
0.368088504929752 1.11983766180492 1 1
0.355733718404826 1.11675940329949 1 1
0.343323313863537 1.11359643600616 1 1
0.330859307310743 1.11034920890196 1 1
0.318343714751301 1.10701817096390 1 1
0.305778552190068 1.10360377116902 1 1
0.293165835631902 1.10010645849431 1 1
0.280507581081660 1.09652668191682 1 1
0.267805804544201 1.09286489041355 1 1
0.255062522024381 1.08912153296153 1 1
0.242279749527058 1.08529705853778 1 1
0.229459503057090 1.08139191611931 1 1
0.216603798619334 1.07740655468315 1 1
0.203714652218648 1.07334142320632 1 1
0.190794079859889 1.06919697066583 1 1
0.177844097547914 1.06497364603871 1 1
0.164866721287581 1.06067189830198 1 1
0.151863967083748 1.05629217643265 1 1
0.138837850941272 1.05183492940775 1 1
0.125790388865010 1.04730060620430 1 1
0.112723596859821 1.04268965579931 1 1
0.0996394909305614 1.03800252716982 1 1
0.0865400870820892 1.03323966929282 1 1
0.0734274013192616 1.02840153114536 1 1
0.0603034496469359 1.02348856170444 1 1
0.0471702480699696 1.01850120994709 1 1
0.0340298125932209 1.01343992485032 1 1
0.0208841592215470 1.00830515539117 1 1
0.00773530395980471 1.00309735054664 1 1
-0.00541473718714735 0.997816959293753 1 1
-0.0185639482144523 0.992464430609536 1 1
-0.0317103131172525 0.987040213471006 1 1
-0.0448518158906904 0.981544756855184 1 1
-0.0579864405299087 0.975978509739088 1 1
-0.0711121710300497 0.970341921099739 1 1
-0.0842269913862566 0.964635439914157 1 1
-0.0973288855936699 0.958859515159362 1 1
-0.110415837647435 0.953014595812374 1 1
-0.123485831542692 0.947101130850214 1 1
-0.136536851274584 0.941119569249900 1 1
-0.149566880838254 0.935070359988453 1 1
-0.162573904228844 0.928953952042893 1 1
-0.175555905441497 0.922770794390241 1 1
-0.188510868471355 0.916521336007515 1 1
-0.201436777313561 0.910206025871737 1 1
-0.214331615963256 0.903825312959926 1 1
-0.227193368415586 0.897379646249101 1 1
-0.240020018665689 0.890869474716284 1 1
-0.252809550708711 0.884295247338494 1 1
-0.265559948539792 0.877657413092751 1 1
-0.278269196154076 0.870956420956075 1 1
-0.290935277546706 0.864192719905486 1 1
-0.303556176712822 0.857366758918005 1 1
-0.316129877647570 0.850478986970650 1 1
-0.328654364346089 0.843529853040443 1 1
-0.341127620803524 0.836519806104403 1 1
-0.353547631015016 0.829449295139550 1 1
-0.365912378975709 0.822318769122904 1 1
-0.378219848680744 0.815128677031486 1 1
-0.390468024125264 0.807879467842315 1 1
-0.402654889304411 0.800571590532411 1 1
-0.414778428213329 0.793205494078794 1 1
-0.426836624847160 0.785781627458484 1 1
-0.438827463201045 0.778300439648502 1 1
-0.450748927270128 0.770762379625867 1 1
-0.462599001049550 0.763167896367600 1 1
-0.474375668534456 0.755517438850719 1 1
-0.486076913719986 0.747811456052246 1 1
-0.497700720601284 0.740050396949200 1 1
-0.509245073173492 0.732234710518601 1 1
-0.520707955431752 0.724364845737470 1 1
-0.532087351371208 0.716441251582826 1 1
-0.543381244987000 0.708464377031690 1 1
-0.554587620274273 0.700434671061080 1 1
-0.565704461228168 0.692352582648019 1 1
-0.576729751843828 0.684218560769524 1 1
-0.587661476116396 0.676033054402617 1 1
-0.598497618041013 0.667796512524317 1 1
-0.609236161612823 0.659509384111645 1 1
-0.619875090826968 0.651172118141620 1 1
-0.630412389678591 0.642785163591262 1 1
-0.640846042162832 0.634348969437592 1 1
-0.651174032274837 0.625863984657629 1 1
-0.661394344009746 0.617330658228394 1 1
-0.671504961362703 0.608749439126906 1 1
-0.681503868328850 0.600120776330186 1 1
-0.691389048903329 0.591445118815253 1 1
-0.701158487081283 0.582722915559128 1 1
-0.710810166857854 0.573954615538830 1 1
-0.720342072228186 0.565140667731379 1 1
-0.729752187187418 0.556281521113796 1 1
-0.739038495730697 0.547377624663101 1 1
-0.748198981853162 0.538429427356313 1 1
-0.757231629549958 0.529437378170452 1 1
-0.766134422816225 0.520401926082540 1 1
-0.774905345647108 0.511323520069595 1 1
-0.783542382037747 0.502202609108637 1 1
-0.792043515983287 0.493039642176687 1 1
-0.800406731478869 0.483835068250764 1 1
-0.808630012519635 0.474589336307889 1 1
-0.816711343100729 0.465302895325082 1 1
-0.824648707217292 0.455976194279362 1 1
-0.832440088864468 0.446609682147750 1 1
-0.840083472037399 0.437203807907265 1 1
-0.847576840731226 0.427759020534929 1 1
-0.854918178941094 0.418275769007760 1 1
-0.862105470662143 0.408754502302778 1 1
-0.869136699889518 0.399195669397004 1 1
-0.876009850618359 0.389599719267458 1 1
-0.882722906843811 0.379967100891159 1 1
-0.889273852561014 0.370298263245129 1 1
-0.895660671765112 0.360593655306385 1 1
-0.901881348451247 0.350853726051950 1 1
-0.907933866614562 0.341078924458842 1 1
-0.913816210250199 0.331269699504082 1 1
-0.919526363353300 0.321426500164690 1 1
-0.925062309919010 0.311549775417685 1 1
-0.930422033942468 0.301639974240089 1 1
-0.935603519418818 0.291697545608920 1 1
-0.940604750343203 0.281722938501199 1 1
-0.945423710710766 0.271716601893945 1 1
-0.950058384516647 0.261678984764180 1 1
-0.954506755755991 0.251610536088922 1 1
-0.958766808423940 0.241511704845192 1 1
-0.962836526515635 0.231382940010010 1 1
-0.966713894026220 0.221224690560395 1 1
-0.970396894950837 0.211037405473369 1 1
-0.973883513284629 0.200821533725950 1 1
-0.977171733022738 0.190577524295160 1 1
-0.980259538160306 0.180305826158016 1 1
-0.983144912692477 0.170006888291541 1 1
-0.985825840614391 0.159681159672754 1 1
-0.988300305921193 0.149329089278675 1 1
-0.990566292608024 0.138951126086324 1 1
-0.992621784670028 0.128547719072721 1 1
-0.994464766102345 0.118119317214885 1 1
-0.996093220900120 0.107666369489837 1 1
-0.997505133058494 0.0971893248745981 1 1
-0.998698486572611 0.0866886323461860 1 1
-0.999671265437611 0.0761647408816223 1 1
-1.00042145364864 0.0656180994579266 1 1
-1.00094703520084 0.0550491570521190 1 1
-1.00124599408934 0.0444583626412193 1 1
-1.00131631430931 0.0338461652022477 1 1
-1.00115597985587 0.0232130137122240 1 1
-1.00076297472417 0.0125593571481678 1 1
-1.00013528290935 0.00188564448710071 1 1
-0.999271327351964 -0.00880758254078918 1 1
-0.998172540743970 -0.0195191462173733 1 1
-0.996841618225273 -0.0302476020577542 1 1
-0.995281259254846 -0.0409915046643752 1 1
-0.993494163291663 -0.0517494086396797 1 1
-0.991483029794699 -0.0625198685861110 1 1
-0.989250558222928 -0.0733014391061123 1 1
-0.986799448035323 -0.0840926748021270 1 1
-0.984132398690860 -0.0948921302765984 1 1
-0.981252109648511 -0.105698360131970 1 1
-0.978161280367251 -0.116509918970685 1 1
-0.974862610306053 -0.127325361395187 1 1
-0.971358798923893 -0.138143242007918 1 1
-0.967652545679745 -0.148962115411322 1 1
-0.963746550032581 -0.159780536207844 1 1
-0.959643511441377 -0.170597058999925 1 1
-0.955346129365106 -0.181410238390009 1 1
-0.950857103262742 -0.192218628980540 1 1
-0.946179132593260 -0.203020785373961 1 1
-0.941314916815633 -0.213815262172714 1 1
-0.936267155388836 -0.224600613979245 1 1
-0.931038547771843 -0.235375395395995 1 1
-0.925631793423628 -0.246138161025407 1 1
-0.920049591803164 -0.256887465469927 1 1
-0.914294642369426 -0.267621863331996 1 1
-0.908369644581389 -0.278339909214058 1 1
-0.902277297898025 -0.289040157718556 1 1
-0.896020301778309 -0.299721163447935 1 1
-0.889601355681216 -0.310381481004636 1 1
-0.883023159065719 -0.321019664991103 1 1
-0.876288411390792 -0.331634270009780 1 1
-0.869399812115409 -0.342223850663110 1 1
-0.862360060698545 -0.352786961553535 1 1
-0.855171856599174 -0.363322157283501 1 1
-0.847837899276269 -0.373827992455449 1 1
-0.840360888188805 -0.384303021671823 1 1
-0.832743522795755 -0.394745799535068 1 1
-0.824988502556094 -0.405154880647624 1 1
-0.817098526928797 -0.415528819611937 1 1
-0.809076295372836 -0.425866171030449 1 1
-0.800924507347186 -0.436165489505603 1 1
-0.792645862310821 -0.446425329639844 1 1
-0.784243059722716 -0.456644246035614 1 1
-0.775718799041844 -0.466820793295357 1 1
-0.767075779727178 -0.476953526021515 1 1
-0.758316701237694 -0.487040998816534 1 1
-0.749444263032366 -0.497081766282854 1 1
-0.740461164570167 -0.507074383022920 1 1
-0.731370105310072 -0.517017403639176 1 1
-0.722173784711055 -0.526909382734064 1 1
-0.712874902232089 -0.536748874910027 1 1
-0.703476157332149 -0.546534434769510 1 1
-0.693980249470209 -0.556264616914956 1 1
-0.684389878105242 -0.565937975948807 1 1
-0.674707742696224 -0.575553066473507 1 1
-0.664936542702128 -0.585108443091500 1 1
-0.655078977581928 -0.594602660405228 1 1
-0.645137746794598 -0.604034273017136 1 1
-0.635115549799112 -0.613401835529665 1 1
-0.625015086054445 -0.622703902545260 1 1
-0.614839055019570 -0.631939028666364 1 1
-0.604590156153462 -0.641105768495421 1 1
-0.594271088915094 -0.650202676634873 1 1
-0.583884552763441 -0.659228307687164 1 1
-0.573433247157476 -0.668181216254737 1 1
-0.562919871556174 -0.677059956940036 1 1
-0.552347125418509 -0.685863084345503 1 1
-0.541717708203455 -0.694589153073582 1 1
-0.531034319369986 -0.703236717726717 1 1
-0.520299658377076 -0.711804332907351 1 1
-0.509516424683699 -0.720290553217927 1 1
-0.498687317748829 -0.728693933260888 1 1
-0.487815037031441 -0.737013027638678 1 1
-0.476902281990507 -0.745246390953740 1 1
-0.465951752085003 -0.753392577808517 1 1
-0.454966146773903 -0.761450142805453 1 1
-0.443948165516180 -0.769417640546991 1 1
-0.432900507770809 -0.777293625635573 1 1
-0.421825872996763 -0.785076652673645 1 1
-0.410726960653018 -0.792765276263648 1 1
-0.399606470198545 -0.800358051008027 1 1
-0.388467101092321 -0.807853531509224 1 1
-0.377311552793319 -0.815250272369683 1 1
-0.366142524760512 -0.822546828191847 1 1
-0.354962716452876 -0.829741753578160 1 1
-0.343774827329384 -0.836833603131064 1 1
-0.332581556849011 -0.843820931453003 1 1
-0.321385604470729 -0.850702293146421 1 1
-0.310189669653514 -0.857476242813760 1 1
-0.298996451856339 -0.864141335057464 1 1
-0.287808650538179 -0.870696124479977 1 1
-0.276628965158008 -0.877139165683741 1 1
-0.265460095174798 -0.883469013271201 1 1
-0.254304740047526 -0.889684221844798 1 1
-0.243165599235164 -0.895783346006977 1 1
-0.232045372196688 -0.901764940360181 1 1
-0.220946758391070 -0.907627559506853 1 1
-0.209872457277285 -0.913369758049437 1 1
-0.198825168314307 -0.918990090590375 1 1
-0.187807590961111 -0.924487111732111 1 1
-0.176822424676670 -0.929859376077090 1 1
-0.165872368919957 -0.935105438227752 1 1
-0.154960123149948 -0.940223852786543 1 1
-0.144088386825617 -0.945213174355905 1 1
-0.133259859405937 -0.950071957538282 1 1
-0.122477240349883 -0.954798756936117 1 1
-0.111743229116428 -0.959392127151853 1 1
-0.101060525164547 -0.963850622787934 1 1
-0.0904318279532134 -0.968172798446802 1 1
-0.0798598369414018 -0.972357208730902 1 1
-0.0693472515880858 -0.976402408242677 1 1
-0.0588967713522401 -0.980306951584569 1 1
-0.0485110956928384 -0.984069393359023 1 1
-0.0381929240688550 -0.987688288168481 1 1
-0.0279449559392635 -0.991162190615387 1 1
-0.0177698907630385 -0.994489655302184 1 1
-0.00767042799915374 -0.997669236831315 1 1
0.00235074179654437 -1.00069949845858 1 1
0.0122921807660129 -1.00358022099415 1 1
0.0221549845473191 -1.00631364766910 1 1
0.0319405544061874 -1.00890231876801 1 1
0.0416502916083420 -1.01134877457548 1 1
0.0512855974195091 -1.01365555537609 1 1
0.0608478731054152 -1.01582520145444 1 1
0.0703385199317845 -1.01786025309511 1 1
0.0797589391643414 -1.01976325058270 1 1
0.0891105320688120 -1.02153673420179 1 1
0.0983946999109228 -1.02318324423698 1 1
0.107612843956398 -1.02470532097285 1 1
0.116766365470962 -1.02610550469400 1 1
0.125856665720342 -1.02738633568501 1 1
0.134885145970262 -1.02855035423048 1 1
0.143853207486447 -1.02960010061499 1 1
0.152762251534623 -1.03053811512314 1 1
0.161613679380516 -1.03136693803952 1 1
0.170408892289851 -1.03208910964871 1 1
0.179149291528351 -1.03270717023530 1 1
0.187836278361744 -1.03322366008390 1 1
0.196471254055756 -1.03364111947907 1 1
0.205055619876109 -1.03396208870542 1 1
0.213590777088530 -1.03418910804754 1 1
0.222078126958745 -1.03432471779002 1 1
0.230519070752479 -1.03437145821743 1 1
0.238915009735455 -1.03433186961439 1 1
0.247267345173402 -1.03420849226547 1 1
0.255577478332043 -1.03400386645527 1 1
0.263846810477105 -1.03372053246837 1 1
0.272076742874310 -1.03336103058936 1 1
0.280268676789387 -1.03292790110285 1 1
0.288424013488060 -1.03242368429341 1 1
0.296544154236053 -1.03185092044563 1 1
0.304630500299093 -1.03121214984411 1 1
0.312684452942905 -1.03050991277344 1 1
0.320707413433214 -1.02974674951820 1 1
0.328700783035744 -1.02892520036299 1 1
0.336665963016222 -1.02804780559239 1 1
0.344604354640374 -1.02711710549100 1 1
0.352517359173923 -1.02613564034341 1 1
0.360406377882596 -1.02510595043420 1 1
0.368272812032118 -1.02403057604797 1 1
0.376118062888214 -1.02291205746930 1 1
0.383943531716609 -1.02175293498279 1 1
0.391750619783029 -1.02055574887303 1 1
0.399540728353199 -1.01932303942460 1 1
0.407315258692844 -1.01805734692210 1 1
0.415075612067690 -1.01676121165012 1 1
0.422823189743462 -1.01543717389324 1 1
0.430559392985885 -1.01408777393606 1 1
0.438285623060684 -1.01271555206316 1 1
0.446003281233585 -1.01132304855914 1 1
0.453713768770314 -1.00991280370859 1 1
0.461418486936595 -1.00848735779609 1 1
0.469118836998153 -1.00704925110624 1 1
0.476816220220714 -1.00560102392362 1 1
0.484512037870005 -1.00414521653283 1 1
0.492207691211748 -1.00268436921846 1 1
0.499904581511670 -1.00122102226510 1 1
0.507604110035497 -0.999757715957328 1 1
0.515307678048953 -0.998296990579746 1 1
0.523016686817764 -0.996841386416940 1 1
0.530732537607654 -0.995393443753501 1 1
0.538456631684351 -0.993955702874018 1 1
0.546190370313579 -0.992530704063082 1 1
0.553935154761061 -0.991120987605283 1 1
0.561692386292526 -0.989729093785210 1 1
0.569463466173698 -0.988357562887454 1 1
0.577249795670301 -0.987008935196605 1 1
0.585052776048061 -0.985685750997252 1 1
0.592873808572704 -0.984390550573987 1 1
0.600714294509955 -0.983125874211398 1 1
0.608575635125539 -0.981894262194076 1 1
0.616459231685181 -0.980698254806610 1 1
0.624366485454608 -0.979540392333592 1 1
0.632298797699543 -0.978423215059610 1 1
0.640257569685712 -0.977349263269256 1 1
0.648244202678842 -0.976321077247118 1 1
0.656260097944657 -0.975341197277788 1 1
0.664306656748881 -0.974412163645854 1 1
0.672385280357240 -0.973536516635908 1 1
0.680497370035462 -0.972716796532538 1 1
0.688644327049269 -0.971955543620336 1 1
0.696827552664387 -0.971255298183890 1 1
0.705048448146543 -0.970618600507792 1 1
0.713308414761461 -0.970047990876631 1 1
0.721608853774865 -0.969546009574997 1 1
0.729951166452482 -0.969115196887481 1 1
0.738336754060038 -0.968758093098671 1 1
0.746767017863257 -0.968477238493159 1 1
0.755243359127864 -0.968275173355534 1 1
0.763767179119585 -0.968154437970386 1 1
0.772339879104146 -0.968117572622306 1 1
0.780962860347271 -0.968167117595883 1 1
0.789637524114685 -0.968305613175708 1 1
0.798365271672115 -0.968535599646370 1 1
0.807147504285286 -0.968859617292459 1 1
0.815985623219922 -0.969280206398566 1 1
0.824881029741748 -0.969799907249280 1 1
0.833835125116492 -0.970421260129192 1 1
0.842849310609877 -0.971146805322891 1 1
0.851924987487628 -0.971979083114968 1 1
0.861063557015473 -0.972920633790013 1 1
0.870266420459134 -0.973973997632615 1 1
0.879534979084338 -0.975141714927365 1 1
0.888870634156810 -0.976426325958852 1 1
0.898274786942277 -0.977830371011667 1 1
0.907748838706461 -0.979356390370400 1 1
0.917294190715089 -0.981006924319641 1 1
0.926912244233887 -0.982784513143979 1 1
0.936604400528580 -0.984691697128005 1 1
0.946372060864893 -0.986731016556309 1 1
0.956216626508550 -0.988905011713481 1 1
0.966139498725279 -0.991216222884111 1 1
0.976142078780803 -0.993667190352788 1 1
0.986225767940848 -0.996260454404104 1 1
0.996391967471139 -0.998998555322647 1 1
1.00664188417226 -1.00188385840701 1 1
1.01697429541849 -1.00491654287971 1 1
1.02738632716447 -1.00809530196268 1 1
1.03787507380629 -1.01141880048045 1 1
1.04843762974001 -1.01488570325751 1 1
1.05907108936171 -1.01849467511839 1 1
1.06977254706746 -1.02224438088758 1 1
1.08053909725334 -1.02613348538960 1 1
1.09136783431541 -1.03016065344895 1 1
1.10225585264975 -1.03432454989016 1 1
1.11320024665244 -1.03862383953772 1 1
1.12419811071953 -1.04305718721616 1 1
1.13524653924712 -1.04762325774997 1 1
1.14634262663127 -1.05232071596367 1 1
1.15748346726805 -1.05714822668177 1 1
1.16866615555354 -1.06210445472877 1 1
1.17988778588381 -1.06718806492920 1 1
1.19114545265493 -1.07239772210755 1 1
1.20243625026298 -1.07773209108835 1 1
1.21375727310402 -1.08318983669609 1 1
1.22510561557414 -1.08876962375529 1 1
1.23647837206940 -1.09447011709047 1 1
1.24787263698587 -1.10028998152612 1 1
1.25928550471964 -1.10622788188676 1 1
1.27071406966677 -1.11228248299690 1 1
1.28215542622333 -1.11845244968104 1 1
1.29360666878540 -1.12473644676371 1 1
1.30506489174905 -1.13113313906941 1 1
1.31652718951036 -1.13764119142265 1 1
1.32799065646539 -1.14425926864793 1 1
1.33945238701023 -1.15098603556978 1 1
1.35090947554093 -1.15782015701269 1 1
1.36235901645358 -1.16476029780119 1 1
1.37379810414425 -1.17180512275977 1 1
1.38522383300901 -1.17895329671296 1 1
1.39663329744393 -1.18620348448525 1 1
1.40802359184510 -1.19355435090117 1 1
1.41939181060857 -1.20100456078521 1 1
1.43073504813042 -1.20855277896190 1 1
1.44205039880673 -1.21619767025573 1 1
1.45333495703356 -1.22393789949123 1 1
1.46458581720700 -1.23177213149289 1 1
1.47580007372311 -1.23969903108524 1 1
1.48697482097797 -1.24771726309277 1 1
1.49810715336765 -1.25582549234001 1 1
1.50919416528822 -1.26402238365145 1 1
1.52023295113576 -1.27230660185162 1 1
1.53122060530633 -1.28067681176502 1 1
1.54215422219602 -1.28913167821616 1 1
1.55303089620088 -1.29766986602954 1 1
1.56384772171701 -1.30629004002969 1 1
1.57460179314047 -1.31499086504111 1 1
1.58529020486733 -1.32377100588831 1 1
1.59591005129366 -1.33262912739580 1 1
1.60645842681554 -1.34156389438810 1 1
1.61693242582905 -1.35057397168970 1 1
1.62732914273024 -1.35965802412513 1 1
1.63764567191521 -1.36881471651888 1 1
1.64787910778001 -1.37804271369548 1 1
1.65802654472073 -1.38734068047943 1 1
1.66808507713343 -1.39670728169523 1 1
1.67805179941419 -1.40614118216741 1 1
1.68792380595908 -1.41564104672048 1 1
1.69769819116418 -1.42520554017893 1 1
1.70737204942555 -1.43483332736728 1 1
1.71694247513927 -1.44452307311005 1 1
1.72640656270142 -1.45427344223174 1 1
1.73576140650806 -1.46408309955686 1 1
1.74500410095527 -1.47395070990992 1 1
1.75413174043912 -1.48387493811543 1 1
1.76314141935568 -1.49385444899790 1 1
1.77203023210103 -1.50388790738185 1 1
1.78079527307125 -1.51397397809178 1 1
1.78943363666239 -1.52411132595220 1 1
1.79794241727054 -1.53429861578762 1 1
1.80631870929177 -1.54453451242255 1 1
1.81455960712215 -1.55481768068151 1 1
1.82266220515775 -1.56514678538900 1 1
1.83062359779465 -1.57552049136953 1 1
1.83844087942892 -1.58593746344761 1 1
1.84611114445663 -1.59639636644776 1 1
1.85363148727386 -1.60689586519448 1 1
1.86099900227668 -1.61743462451228 1 1
1.86821078386115 -1.62801130922567 1 1
1.87526392642337 -1.63862458415916 1 1
1.88215552435938 -1.64927311413727 1 1
1.88888267206528 -1.65995556398450 1 1
1.89544246393713 -1.67067059852536 1 1
1.90183199437101 -1.68141688258437 1 1
1.90804835776299 -1.69219308098603 1 1
1.91408864850913 -1.70299785855485 1 1
1.91994996100553 -1.71382988011534 1 1
1.92562938964823 -1.72468781049202 1 1
1.93112402883333 -1.73557031450939 1 1
1.93643097295689 -1.74647605699196 1 1
1.94154731641499 -1.75740370276425 1 1
1.94647015360369 -1.76835191665076 1 1
1.95119657891908 -1.77931936347600 1 1
1.95572368675722 -1.79030470806449 1 1
1.96004857151419 -1.80130661524073 1 1
1.96416832758606 -1.81232374982923 1 1
1.96808004936890 -1.82335477665451 1 1
1.97178083125878 -1.83439836054107 1 1
1.97526776765179 -1.84545316631342 1 1
1.97853795294398 -1.85651785879608 1 1
1.98158848153144 -1.86759110281355 1 1
1.98441644781024 -1.87867156319034 1 1
1.98701894617645 -1.88975790475097 1 1
1.98939307102614 -1.90084879231994 1 1
1.99153591675538 -1.91194289072177 1 1
1.99344457776026 -1.92303886478096 1 1
1.99511614843683 -1.93413537932202 1 1
1.99654772318118 -1.94523109916947 1 1
1.99773639638938 -1.95632468914781 1 1
1.99867926245749 -1.96741481408156 1 1
1.99937341578160 -1.97850013879522 1 1
1.99981595075778 -1.98957932811331 1 1
2.00000396197703 -2.00065104687543 1 1
1.99993568009070 -2.01171404796205 1 1
1.99961314724435 -2.02276737963155 1 1
1.99903920402264 -2.03381015201864 1 1
1.99821669101025 -2.04484147525803 1 1
1.99714844879185 -2.05586045948443 1 1
1.99583731795210 -2.06686621483256 1 1
1.99428613907567 -2.07785785143713 1 1
1.99249775274724 -2.08883447943285 1 1
1.99047499955147 -2.09979520895444 1 1
1.98822072007303 -2.11073915013661 1 1
1.98573775489660 -2.12166541311407 1 1
1.98302894460683 -2.13257310802153 1 1
1.98009712978842 -2.14346134499372 1 1
1.97694515102601 -2.15432923416534 1 1
1.97357584890429 -2.16517588567110 1 1
1.96999206400792 -2.17600040964572 1 1
1.96619663692157 -2.18680191622390 1 1
1.96219240822991 -2.19757951554038 1 1
1.95798221851762 -2.20833231772985 1 1
1.95356890836935 -2.21905943292702 1 1
1.94895531836979 -2.22975997126663 1 1
1.94414428910360 -2.24043304288336 1 1
1.93913866115544 -2.25107775791195 1 1
1.93394127511000 -2.26169322648710 1 1
1.92855497155194 -2.27227855874352 1 1
1.92298259106593 -2.28283286481593 1 1
1.91722697423664 -2.29335525483904 1 1
1.91129096164874 -2.30384483894757 1 1
1.90517739388689 -2.31430072727622 1 1
1.89888911153578 -2.32472202995971 1 1
1.89242895518007 -2.33510785713275 1 1
1.88579976540442 -2.34545731893006 1 1
1.87900438279351 -2.35576952548635 1 1
1.87204564793201 -2.36604358693633 1 1
1.86492640140459 -2.37627861341472 1 1
1.85764948379592 -2.38647371505622 1 1
1.85021773569066 -2.39662800199556 1 1
1.84263399767349 -2.40674058436744 1 1
1.83490111032908 -2.41681057230657 1 1
1.82702191424209 -2.42683707594768 1 1
1.81899924999721 -2.43681920542547 1 1
1.81083595817908 -2.44675607087465 1 1
1.80253487937240 -2.45664678242995 1 1
1.79409885416182 -2.46649045022607 1 1
1.78553072313202 -2.47628618439772 1 1
1.77683332686766 -2.48603309507962 1 1
1.76800950595342 -2.49573029240648 1 1
1.75906210097396 -2.50537688651302 1 1
1.74999395251396 -2.51497198753394 1 1
1.74080790115808 -2.52451470560396 1 1
1.73150678749100 -2.53400415085780 1 1
1.72209345209738 -2.54343943343016 1 1
1.71257073556189 -2.55281966345576 1 1
1.70294147846921 -2.56214395106932 1 1
1.69320852140401 -2.57141140640554 1 1
1.68337470495094 -2.58062113959914 1 1
1.67344286969469 -2.58977226078483 1 1
1.66341585621992 -2.59886388009732 1 1
1.65329650511131 -2.60789510767133 1 1
1.64308765695352 -2.61686505364157 1 1
1.63279215233122 -2.62577282814276 1 1
1.62241283182908 -2.63461754130960 1 1
1.61195253603177 -2.64339830327682 1 1
1.60141410552397 -2.65211422417911 1 1
1.59080038089034 -2.66076441415120 1 1
1.58011420271555 -2.66934798332780 1 1
1.56935841158427 -2.67786404184362 1 1
1.55853584808117 -2.68631169983338 1 1
1.54764935279092 -2.69469006743178 1 1
1.53670176629819 -2.70299825477354 1 1
1.52569592918765 -2.71123537199338 1 1
1.51463468204398 -2.71940052922601 1 1
1.50352086545183 -2.72749283660613 1 1
1.49235731999588 -2.73551140426847 1 1
1.48114688626080 -2.74345534234773 1 1
1.46989240483126 -2.75132376097863 1 1
1.45859671629193 -2.75911577029589 1 1
1.44726266122748 -2.76683048043420 1 1
1.43589308022257 -2.77446700152830 1 1
1.42449081386189 -2.78202444371289 1 1
1.41305870273009 -2.78950191712268 1 1
1.40159958741185 -2.79689853189239 1 1
1.39011630849184 -2.80421339815673 1 1
1.37861170655472 -2.81144562605041 1 1
1.36708862218517 -2.81859432570815 1 1
1.35554989596786 -2.82565860726465 1 1
1.34399836848746 -2.83263758085464 1 1
1.33243688032863 -2.83953035661283 1 1
1.32086827207605 -2.84633604467392 1 1
1.30929538431438 -2.85305375517263 1 1
1.29772105762830 -2.85968259824368 1 1
1.28614813260248 -2.86622168402177 1 1
1.27457944982158 -2.87267012264163 1 1
1.26301784987028 -2.87902702423796 1 1
1.25146617333324 -2.88529149894547 1 1
1.23992726079514 -2.89146265689889 1 1
1.22840395284064 -2.89753960823291 1 1
1.21689909005441 -2.90352146308226 1 1
1.20541551302113 -2.90940733158165 1 1
1.19395606232547 -2.91519632386579 1 1
1.18252357855208 -2.92088755006940 1 1
1.17112090228566 -2.92648012032718 1 1
1.15975087411085 -2.93197314477386 1 1
1.14841633461234 -2.93736573354414 1 1
1.13712012437479 -2.94265699677273 1 1
1.12586508398287 -2.94784604459435 1 1
1.11465405402125 -2.95293198714372 1 1
1.10348987507461 -2.95791393455554 1 1
1.09237538772761 -2.96279099696453 1 1
1.08131343256492 -2.96756228450540 1 1
1.07030685017121 -2.97222690731287 1 1
1.05935848113116 -2.97678397552164 1 1
1.04847116602942 -2.98123259926644 1 1
1.03764774545068 -2.98557188868197 1 1
1.02689105997959 -2.98980095390294 1 1
1.01620395020084 -2.99391890506408 1 1
1.00558925669909 -2.99792485230008 1 1
0.995049752029352 -3.00181794211993 1 1
0.984586404765018 -3.00559828558971 1 1
0.974198235599184 -3.00926703527273 1 1
0.963884168362406 -3.01282539552295 1 1
0.953643126885250 -3.01627457069436 1 1
0.943474034998276 -3.01961576514095 1 1
0.933375816532044 -3.02285018321669 1 1
0.923347395317118 -3.02597902927557 1 1
0.913387695184057 -3.02900350767156 1 1
0.903495639963425 -3.03192482275865 1 1
0.893670153485781 -3.03474417889082 1 1
0.883910159581689 -3.03746278042205 1 1
0.874214582081708 -3.04008183170632 1 1
0.864582344816400 -3.04260253709762 1 1
0.855012371616328 -3.04502610094991 1 1
0.845503586312052 -3.04735372761719 1 1
0.836054912734135 -3.04958662145344 1 1
0.826665274713137 -3.05172598681263 1 1
0.817333596079620 -3.05377302804875 1 1
0.808058800664145 -3.05572894951577 1 1
0.798839812297274 -3.05759495556769 1 1
0.789675554809568 -3.05937225055848 1 1
0.780564952031589 -3.06106203884212 1 1
0.771506927793900 -3.06266552477260 1 1
0.762500405927059 -3.06418391270388 1 1
0.753544310261630 -3.06561840698997 1 1
0.744637564628173 -3.06697021198483 1 1
0.735779092857251 -3.06824053204245 1 1
0.726967818779424 -3.06943057151680 1 1
0.718202666225255 -3.07054153476188 1 1
0.709482559025304 -3.07157462613166 1 1
0.700806421010133 -3.07253104998012 1 1
0.692173176010304 -3.07341201066124 1 1
0.683581747856378 -3.07421871252901 1 1
0.675031060378917 -3.07495235993740 1 1
0.666520037408481 -3.07561415724040 1 1
0.658047602775633 -3.07620530879199 1 1
0.649612680310934 -3.07672701894615 1 1
0.641214193844946 -3.07718049205685 1 1
0.632851067208228 -3.07756693247809 1 1
0.624522224231346 -3.07788754456384 1 1
0.616226588744857 -3.07814353266809 1 1
0.607963084579324 -3.07833610114481 1 1
0.599730635565310 -3.07846645434798 1 1
0.591528165533375 -3.07853579663159 1 1
0.583354598314081 -3.07854533234962 1 1
0.575208857737989 -3.07849626585605 1 1
0.567089867635661 -3.07838980150485 1 1
0.558996551837657 -3.07822714365002 1 1
0.550927834174541 -3.07800949664554 1 1
0.542882638476873 -3.07773806484537 1 1
0.534859888575213 -3.07741405260351 1 1
0.526858508300126 -3.07703866427394 1 1
0.518877421482171 -3.07661310421063 1 1
0.510915551951910 -3.07613857676757 1 1
0.502971823539904 -3.07561628629874 1 1
0.495045160076716 -3.07504743715812 1 1
0.487134485392905 -3.07443323369969 1 1
0.479238723319035 -3.07377488027743 1 1
0.471356797685666 -3.07307358124533 1 1
0.463487632323360 -3.07233054095736 1 1
0.455630151062679 -3.07154696376751 1 1
0.447783277734182 -3.07072405402975 1 1
0.439945936168434 -3.06986301609808 1 1
0.432117050195994 -3.06896505432646 1 1
0.424295543647425 -3.06803137306888 1 1
0.416480340353287 -3.06706317667933 1 1
0.408670364144143 -3.06606166951177 1 1
0.400864538850553 -3.06502805592020 1 1
0.393061788303078 -3.06396354025860 1 1
0.385261036332283 -3.06286932688094 1 1
0.377461206768725 -3.06174662014121 1 1
0.369661223442969 -3.06059662439339 1 1
0.361860010185574 -3.05942054399145 1 1
0.354056490827104 -3.05821958328939 1 1
0.346249589198117 -3.05699494664118 1 1
0.338438229129178 -3.05574783840080 1 1
0.330621334450846 -3.05447946292223 1 1
0.322797828993684 -3.05319102455946 1 1
0.314966636588253 -3.05188372766647 1 1
0.307126681065114 -3.05055877659723 1 1
0.299276886254829 -3.04921737570573 1 1
0.291416175987959 -3.04786072934595 1 1
0.283543474095067 -3.04649004187187 1 1
0.275657704406711 -3.04510651763747 1 1
0.267757790753457 -3.04371136099674 1 1
0.259842656965863 -3.04230577630365 1 1
0.251911226874491 -3.04089096791218 1 1
0.243962424309905 -3.03946814017632 1 1
0.235995173102663 -3.03803849745005 1 1
0.228008397083329 -3.03660324408735 1 1
0.220001020082463 -3.03516358444219 1 1
0.211971965930628 -3.03372072286857 1 1
0.203920158458384 -3.03227586372046 1 1
0.195844521496293 -3.03083021135184 1 1
0.187743978874916 -3.02938497011670 1 1
0.179617454424815 -3.02794134436901 1 1
0.171463871976553 -3.02650053846275 1 1
0.163282155360688 -3.02506375675192 1 1
0.155071228407784 -3.02363220359048 1 1
0.146830014948402 -3.02220708333242 1 1
0.138557438813104 -3.02078960033173 1 1
0.130252423832450 -3.01938095894237 1 1
0.121913893837002 -3.01798236351834 1 1
0.113540772657322 -3.01659501841361 1 1
0.105131984123971 -3.01522012798217 1 1
0.0966864520675113 -3.01385889657799 1 1
0.0882031003185031 -3.01251252855506 1 1
0.0796808527075092 -3.01118222826736 1 1
0.0711186330650898 -3.00986920006887 1 1
0.0625153652218079 -3.00857464831357 1 1
0.0538699730082229 -3.00729977735545 1 1
0.0451813802548986 -3.00604579154847 1 1
0.0364485107923944 -3.00481389524663 1 1
0.0276702884512726 -3.00360529280391 1 1
0.0188456370620957 -3.00242118857428 1 1
0.00997348045542323 -3.00126278691173 1 1
0.00105274246181875 -3.00013129217024 1 1
-0.00791736224800485 -2.99902774364937 1 1
-0.0169359585861314 -2.99795223834690 1 1
-0.0260015831488772 -2.99690453938610 1 1
-0.0351127718431543 -2.99588440949897 1 1
-0.0442680605758820 -2.99489161141755 1 1
-0.0534659852539724 -2.99392590787385 1 1
-0.0627050817843428 -2.99298706159988 1 1
-0.0719838860739091 -2.99207483532767 1 1
-0.0813009340295869 -2.99118899178925 1 1
-0.0906547615582938 -2.99032929371661 1 1
-0.100043904566942 -2.98949550384180 1 1
-0.109466898962450 -2.98868738489682 1 1
-0.118922280651731 -2.98790469961369 1 1
-0.128408585541701 -2.98714721072443 1 1
-0.137924349539277 -2.98641468096107 1 1
-0.147468108551375 -2.98570687305562 1 1
-0.157038398484911 -2.98502354974011 1 1
-0.166633755246798 -2.98436447374654 1 1
-0.176252714743956 -2.98372940780694 1 1
-0.185893812883295 -2.98311811465333 1 1
-0.195555585571734 -2.98253035701773 1 1
-0.205236568716188 -2.98196589763216 1 1
-0.214935298223574 -2.98142449922863 1 1
-0.224650310000806 -2.98090592453917 1 1
-0.234380139954802 -2.98040993629579 1 1
-0.244123323992477 -2.97993629723052 1 1
-0.253878398020743 -2.97948477007537 1 1
-0.263643897946519 -2.97905511756236 1 1
-0.273418359676720 -2.97864710242352 1 1
-0.283200319118262 -2.97826048739086 1 1
-0.292988312178060 -2.97789503519639 1 1
-0.302780874763033 -2.97755050857215 1 1
-0.312576542780091 -2.97722667025014 1 1
-0.322373852136155 -2.97692328296240 1 1
-0.332171338738136 -2.97664010944093 1 1
-0.341967538492952 -2.97637691241775 1 1
-0.351760987307518 -2.97613345462490 1 1
-0.361550221088751 -2.97590949879437 1 1
-0.371333775743568 -2.97570480765820 1 1
-0.381110187178880 -2.97551914394841 1 1
-0.390877991301607 -2.97535227039700 1 1
-0.400635724018662 -2.97520394973601 1 1
-0.410381921236961 -2.97507394469745 1 1
-0.420115118863421 -2.97496201801334 1 1
-0.429833852804956 -2.97486793241570 1 1
-0.439536658968486 -2.97479145063655 1 1
-0.449222073260920 -2.97473233540790 1 1
-0.458888631589180 -2.97469034946179 1 1
-0.468534869860177 -2.97466525553022 1 1
-0.478159323980828 -2.97465681634521 1 1
-0.487760529858049 -2.97466479463879 1 1
-0.497337023398755 -2.97468895314297 1 1
-0.506887340509866 -2.97472905458978 1 1
-0.516410017098291 -2.97478486171123 1 1
-0.525903589070951 -2.97485613723934 1 1
-0.535366592334758 -2.97494264390613 1 1
-0.544797562796629 -2.97504414444362 1 1
-0.554195036363480 -2.97516040158383 1 1
-0.563557548942226 -2.97529117805878 1 1
-0.572883636439784 -2.97543623660048 1 1
-0.582171834763070 -2.97559533994097 1 1
-0.591420679818999 -2.97576825081225 1 1
-0.600628707514485 -2.97595473194634 1 1
-0.609794453756444 -2.97615454607527 1 1
-0.618916454451793 -2.97636745593105 1 1
-0.627993245507447 -2.97659322424571 1 1
-0.637023362830323 -2.97683161375126 1 1
-0.646005342327337 -2.97708238717972 1 1
-0.654937719905401 -2.97734530726311 1 1
-0.663819031471435 -2.97762013673345 1 1
-0.672647812932351 -2.97790663832276 1 1
-0.681422600195067 -2.97820457476306 1 1
-0.690141929166497 -2.97851370878637 1 1
-0.698804335753559 -2.97883380312470 1 1
-0.707408355863169 -2.97916462051008 1 1
-0.715952525402238 -2.97950592367452 1 1
-0.724435380277688 -2.97985747535005 1 1
-0.732855456396429 -2.98021903826869 1 1
-0.741211289665380 -2.98059037516244 1 1
-0.749501415991455 -2.98097124876334 1 1
-0.757724371281571 -2.98136142180340 1 1
-0.765878691442645 -2.98176065701464 1 1
-0.773962912381589 -2.98216871712908 1 1
-0.781975570005322 -2.98258536487874 1 1
-0.789915200220757 -2.98301036299563 1 1
-0.797780338934810 -2.98344347421179 1 1
-0.805569522054399 -2.98388446125922 1 1
-0.813281285486437 -2.98433308686995 1 1
-0.820914165137843 -2.98478911377599 1 1
-0.828466696915530 -2.98525230470936 1 1
-0.835937416726415 -2.98572242240210 1 1
-0.843324860477412 -2.98619922958620 1 1
-0.850627564075437 -2.98668248899369 1 1
-0.857844063427407 -2.98717196335660 1 1
-0.864972894440237 -2.98766741540694 1 1
-0.872012593020842 -2.98816860787672 1 1
-0.878961695076140 -2.98867530349798 1 1
-0.885818736513044 -2.98918726500272 1 1
-0.892582253238473 -2.98970425512298 1 1
-0.899250781159338 -2.99022603659075 1 1
-0.905822856182558 -2.99075237213808 1 1
-0.912297014215047 -2.99128302449697 1 1
-0.918671791163722 -2.99181775639944 1 1
-0.924945722935499 -2.99235633057752 1 1
-0.931117345437292 -2.99289850976321 1 1
-0.937185194576019 -2.99344405668856 1 1
-0.943147806258593 -2.99399273408556 1 1
-0.949003716391930 -2.99454430468624 1 1
-0.954751460882947 -2.99509853122262 1 1
-0.960389575638560 -2.99565517642673 1 1
-0.965916596565685 -2.99621400303057 1 1
-0.971331059571235 -2.99677477376616 1 1
-0.976631500562128 -2.99733725136554 1 1
-0.981816455445279 -2.99790119856070 1 1
-0.986884460127603 -2.99846637808369 1 1
-0.991834050516016 -2.99903255266651 1 1
-0.996663762517435 -2.99959948504118 1 1
-1.00137214286894 -3.00016693786333 1 1
-1.00595861754391 -3.00073466758714 1 1
-1.01042412674634 -3.00130241998652 1 1
-1.01476976039648 -3.00186993977942 1 1
-1.01899660841457 -3.00243697168378 1 1
-1.02310576072086 -3.00300326041754 1 1
-1.02709830723559 -3.00356855069864 1 1
-1.03097533787899 -3.00413258724503 1 1
-1.03473794257132 -3.00469511477465 1 1
-1.03838721123281 -3.00525587800544 1 1
-1.04192423378370 -3.00581462165534 1 1
-1.04535010014424 -3.00637109044229 1 1
-1.04866590023467 -3.00692502908424 1 1
-1.05187272397522 -3.00747618229913 1 1
-1.05497166128616 -3.00802429480489 1 1
-1.05796380208770 -3.00856911131948 1 1
-1.06085023630010 -3.00911037656083 1 1
-1.06363205384360 -3.00964783524689 1 1
-1.06631034463845 -3.01018123209559 1 1
-1.06888619860487 -3.01071031182489 1 1
-1.07136070566312 -3.01123481915271 1 1
-1.07373495573344 -3.01175449879701 1 1
-1.07601003873606 -3.01226909547573 1 1
-1.07818704459124 -3.01277835390680 1 1
-1.08026706321921 -3.01328201880817 1 1
-1.08225118454021 -3.01377983489779 1 1
-1.08414049847450 -3.01427154689358 1 1
-1.08593609494229 -3.01475689951351 1 1
-1.08763906386386 -3.01523563747550 1 1
-1.08925049515942 -3.01570750549750 1 1
-1.09077147874923 -3.01617224829745 1 1
-1.09220310455352 -3.01662961059329 1 1
-1.09354646249255 -3.01707933710297 1 1
-1.09480264248655 -3.01752117254443 1 1
-1.09597273445575 -3.01795486163561 1 1
-1.09705782832042 -3.01838014909445 1 1
-1.09805901400078 -3.01879677963889 1 1
-1.09897738141708 -3.01920449798688 1 1
-1.09981402048956 -3.01960304885635 1 1
-1.10057002113847 -3.01999217696526 1 1
-1.10124647328404 -3.02037162703153 1 1
-1.10184446684651 -3.02074114377312 1 1
-1.10236509174614 -3.02110047190797 1 1
-1.10280943790316 -3.02144935615401 1 1
-1.10317859523781 -3.02178754122919 1 1
-1.10347365367033 -3.02211477185145 -1 -1
-1.10369570312097 -3.02243079273874 -1 -1
-1.10384583350998 -3.02273534860899 -1 -1
-1.10392513475758 -3.02302818418014 -1 -1
-1.10393469678403 -3.02330904417015 -1 -1
-1.10387560950956 -3.02357767329695 -1 -1
-1.10374896285442 -3.02383381627848 -1 -1
-1.10355584673885 -3.02407721783269 -1 -1
-1.10329735108309 -3.02430762267751 -1 -1
-1.10297456580738 -3.02452477553090 -1 -1
-1.10258858083197 -3.02472842111078 -1 -1
-1.10214048607710 -3.02491830413511 -1 -1
-1.10163137146300 -3.02509416932182 -1 -1
-1.10106232690993 -3.02525576138886 -1 -1
-1.10043444233812 -3.02540282505417 -1 -1
-1.09974880766782 -3.02553510503569 -1 -1
-1.09900651281926 -3.02565234605136 -1 -1
-1.09820864771269 -3.02575429281913 -1 -1
-1.09735630226836 -3.02584069005694 -1 -1
-1.09645056640650 -3.02591128248272 -1 -1
-1.09549253004735 -3.02596581481443 -1 -1
-1.09448328311116 -3.02600403177000 -1 -1
-1.09342391551817 -3.02602567806737 -1 -1
-1.09231551718863 -3.02603049842449 -1 -1
-1.09115917804276 -3.02601823755930 -1 -1
-1.08995598800082 -3.02598864018974 -1 -1
-1.08870703698305 -3.02594145103376 -1 -1
-1.08741341490969 -3.02587641480928 -1 -1
-1.08607621170098 -3.02579327623427 -1 -1
-1.08469651727717 -3.02569178002665 -1 -1
-1.08327542155849 -3.02557167090438 -1 -1
-1.08181401446519 -3.02543269358539 -1 -1
-1.08031338591751 -3.02527459278762 -1 -1
-1.07877462583569 -3.02509711322902 -1 -1
-1.07719882413997 -3.02489999962753 -1 -1
-1.07558707075060 -3.02468299670109 -1 -1
-1.07394045558782 -3.02444584916764 -1 -1
-1.07226006857186 -3.02418830174513 -1 -1
-1.07054699962298 -3.02391009915150 -1 -1
-1.06880233866142 -3.02361098610468 -1 -1
-1.06702717560740 -3.02329070732262 -1 -1
-1.06522260038119 -3.02294900752327 -1 -1
-1.06338970290302 -3.02258563142456 -1 -1
-1.06152957309313 -3.02220032374444 -1 -1
-1.05964330087176 -3.02179282920085 -1 -1
-1.05773197615916 -3.02136289251173 -1 -1
-1.05579668887556 -3.02091025839502 -1 -1
-1.05383852894122 -3.02043467156866 -1 -1
-1.05185858627637 -3.01993587675061 -1 -1
-1.04985795080125 -3.01941361865879 -1 -1
-1.04783771243611 -3.01886764201115 -1 -1
-1.04579896110119 -3.01829769152563 -1 -1
-1.04374278671672 -3.01770351192018 -1 -1
-1.04167027920296 -3.01708484791274 -1 -1
-1.03958252848015 -3.01644144422124 -1 -1
-1.03748062446852 -3.01577304556364 -1 -1
-1.03536565708831 -3.01507939665787 -1 -1
-1.03323871625978 -3.01436024222187 -1 -1
-1.03110089190316 -3.01361532697359 -1 -1
-1.02895327393870 -3.01284439563096 -1 -1
-1.02679695228663 -3.01204719291194 -1 -1
-1.02463301686719 -3.01122346353446 -1 -1
-1.02246255760064 -3.01037295221647 -1 -1
-1.02028666440721 -3.00949540367590 -1 -1
-1.01810642720715 -3.00859056263070 -1 -1
-1.01592293592069 -3.00765817379881 -1 -1
-1.01373728046808 -3.00669798189817 -1 -1
-1.01155055076956 -3.00570973164673 -1 -1
-1.00936383674538 -3.00469316776243 -1 -1
-1.00717822831576 -3.00364803496320 -1 -1
-1.00499481540097 -3.00257407796699 -1 -1
-1.00281468792123 -3.00147104149175 -1 -1
-1.00063893579679 -3.00033867025541 -1 -1
-0.998468577560702 -2.99917674362663 -1 -1
-0.996303909735592 -2.99798539143164 -1 -1
-0.994144809609576 -2.99676494698941 -1 -1
-0.991991149306763 -2.99551574612550 -1 -1
-0.989842800951260 -2.99423812466544 -1 -1
-0.987699636667177 -2.99293241843480 -1 -1
-0.985561528578623 -2.99159896325912 -1 -1
-0.983428348809706 -2.99023809496395 -1 -1
-0.981299969484535 -2.98885014937483 -1 -1
-0.979176262727220 -2.98743546231732 -1 -1
-0.977057100661868 -2.98599436961697 -1 -1
-0.974942355412588 -2.98452720709932 -1 -1
-0.972831899103490 -2.98303431058992 -1 -1
-0.970725603858682 -2.98151601591432 -1 -1
-0.968623341802274 -2.97997265889806 -1 -1
-0.966524985058372 -2.97840457536671 -1 -1
-0.964430405751088 -2.97681210114580 -1 -1
-0.962339476004529 -2.97519557206089 -1 -1
-0.960252067942805 -2.97355532393752 -1 -1
-0.958168053690022 -2.97189169260124 -1 -1
-0.956087305370293 -2.97020501387761 -1 -1
-0.954009695107723 -2.96849562359216 -1 -1
-0.951935095026423 -2.96676385757045 -1 -1
-0.949863377250502 -2.96501005163803 -1 -1
-0.947794413904067 -2.96323454162045 -1 -1
-0.945728077111228 -2.96143766334325 -1 -1
-0.943664238996094 -2.95961975263198 -1 -1
-0.941602771682773 -2.95778114531219 -1 -1
-0.939543547295375 -2.95592217720943 -1 -1
-0.937486437958007 -2.95404318414925 -1 -1
-0.935431315794779 -2.95214450195720 -1 -1
-0.933378052929801 -2.95022646645882 -1 -1
-0.931326521487179 -2.94828941347967 -1 -1
-0.929276593591024 -2.94633367884529 -1 -1
-0.927228141365443 -2.94435959838124 -1 -1
-0.925181036934547 -2.94236750791305 -1 -1
-0.923135152422444 -2.94035774326628 -1 -1
-0.921090359953241 -2.93833064026648 -1 -1
-0.919046531651049 -2.93628653473920 -1 -1
-0.917003539639977 -2.93422576250998 -1 -1
-0.914961256044131 -2.93214865940438 -1 -1
-0.912919552987623 -2.93005556124794 -1 -1
-0.910878302594560 -2.92794680386621 -1 -1
-0.908837376989052 -2.92582272308474 -1 -1
-0.906796648295206 -2.92368365472907 -1 -1
-0.904755988637133 -2.92152993462477 -1 -1
-0.902715270138940 -2.91936189859737 -1 -1
-0.900674364924736 -2.91717988247242 -1 -1
-0.898633145118632 -2.91498422207548 -1 -1
-0.896591482844734 -2.91277525323208 -1 -1
-0.894549250227152 -2.91055331176779 -1 -1
-0.892506319389994 -2.90831873350815 -1 -1
-0.890462562457370 -2.90607185427870 -1 -1
-0.888417851553389 -2.90381300990500 -1 -1
-0.886372058802159 -2.90154253621260 -1 -1
-0.884325056327788 -2.89926076902704 -1 -1
-0.882276716254386 -2.89696804417387 -1 -1
-0.880226910706062 -2.89466469747864 -1 -1
-0.878175511806924 -2.89235106476690 -1 -1
-0.876122391681082 -2.89002748186420 -1 -1
-0.874067422452643 -2.88769428459608 -1 -1
-0.872010476245717 -2.88535180878810 -1 -1
-0.869951425184412 -2.88300039026581 -1 -1
-0.867890141392838 -2.88064036485474 -1 -1
-0.865826496995104 -2.87827206838046 -1 -1
-0.863760364115316 -2.87589583666851 -1 -1
-0.861691614877586 -2.87351200554443 -1 -1
-0.859620121406022 -2.87112091083379 -1 -1
-0.857545755824731 -2.86872288836212 -1 -1
-0.855468390257824 -2.86631827395497 -1 -1
-0.853387896829409 -2.86390740343789 -1 -1
-0.851304147663595 -2.86149061263644 -1 -1
-0.849217014884490 -2.85906823737616 -1 -1
-0.847126370616203 -2.85664061348260 -1 -1
-0.845032086982844 -2.85420807678130 -1 -1
-0.842934036108521 -2.85177096309782 -1 -1
-0.840832090117342 -2.84932960825770 -1 -1
-0.838726121133417 -2.84688434808650 -1 -1
-0.836616001280855 -2.84443551840976 -1 -1
-0.834501602683764 -2.84198345505304 -1 -1
-0.832382797466252 -2.83952849384187 -1 -1
-0.830259457752430 -2.83707097060181 -1 -1
-0.828131455666405 -2.83461122115840 -1 -1
-0.825998663332287 -2.83214958133720 -1 -1
-0.823860952874183 -2.82968638696376 -1 -1
-0.821718196416204 -2.82722197386362 -1 -1
-0.819570266082458 -2.82475667786232 -1 -1
-0.817417033997053 -2.82229083478543 -1 -1
-0.815258372284099 -2.81982478045849 -1 -1
-0.813094153067704 -2.81735885070704 -1 -1
-0.810924248471977 -2.81489338135665 -1 -1
-0.808748530621026 -2.81242870823284 -1 -1
-0.806566871638962 -2.80996516716118 -1 -1
-0.804379143649892 -2.80750309396721 -1 -1
-0.802185218777924 -2.80504282447648 -1 -1
-0.799984969147170 -2.80258469451454 -1 -1
-0.797778266881736 -2.80012903990693 -1 -1
-0.795564984105732 -2.79767619647922 -1 -1
-0.793344992943265 -2.79522650005694 -1 -1
-0.791118165518447 -2.79278028646564 -1 -1
-0.788884373955385 -2.79033789153087 -1 -1
-0.786643490378187 -2.78789965107819 -1 -1
-0.784395386910963 -2.78546590093313 -1 -1
-0.782139935677821 -2.78303697692125 -1 -1
-0.779877008802871 -2.78061321486810 -1 -1
-0.777606478410221 -2.77819495059923 -1 -1
-0.775328216623979 -2.77578251994018 -1 -1
-0.773042095568256 -2.77337625871650 -1 -1
-0.770747987367159 -2.77097650275374 -1 -1
-0.768445764144797 -2.76858358787746 -1 -1
-0.766135298025279 -2.76619784991319 -1 -1
-0.763816461132715 -2.76381962468649 -1 -1
-0.761489125591211 -2.76144924802290 -1 -1
-0.759153163524879 -2.75908705574798 -1 -1
-0.756808447057826 -2.75673338368728 -1 -1
-0.754454848314161 -2.75438856766633 -1 -1
-0.752092239417992 -2.75205294351070 -1 -1
-0.749720492621533 -2.74972684690988 -1 -1
-0.747339589497438 -2.74741049745988 -1 -1
-0.744949820155971 -2.74510378710328 -1 -1
-0.742551528751119 -2.74280655039062 -1 -1
-0.740145059436869 -2.74051862187241 -1 -1
-0.737730756367209 -2.73823983609919 -1 -1
-0.735308963696124 -2.73597002762148 -1 -1
-0.732880025577603 -2.73370903098982 -1 -1
-0.730444286165632 -2.73145668075472 -1 -1
-0.728002089614198 -2.72921281146672 -1 -1
-0.725553780077287 -2.72697725767635 -1 -1
-0.723099701708888 -2.72474985393412 -1 -1
-0.720640198662987 -2.72253043479058 -1 -1
-0.718175615093570 -2.72031883479625 -1 -1
-0.715706295154625 -2.71811488850165 -1 -1
-0.713232583000139 -2.71591843045731 -1 -1
-0.710754822784099 -2.71372929521376 -1 -1
-0.708273358660490 -2.71154731732153 -1 -1
-0.705788534783302 -2.70937233133115 -1 -1
-0.703300695306521 -2.70720417179314 -1 -1
-0.700810184384133 -2.70504267325803 -1 -1
-0.698317346170124 -2.70288767027635 -1 -1
-0.695822524818484 -2.70073899739862 -1 -1
-0.693326064483198 -2.69859648917538 -1 -1
-0.690828309318253 -2.69645998015715 -1 -1
-0.688329603477637 -2.69432930489446 -1 -1
-0.685830291115336 -2.69220429793784 -1 -1
-0.683330716385337 -2.69008479383781 -1 -1
-0.680831223441627 -2.68797062714490 -1 -1
-0.678332156438193 -2.68586163240964 -1 -1
-0.675833859529023 -2.68375764418256 -1 -1
-0.673336676868101 -2.68165849701418 -1 -1
-0.670840952609418 -2.67956402545503 -1 -1
-0.668347030906958 -2.67747406405565 -1 -1
-0.665855255914709 -2.67538844736655 -1 -1
-0.663365971786658 -2.67330700993827 -1 -1
-0.660879522676791 -2.67122958632133 -1 -1
-0.658396252739097 -2.66915601106626 -1 -1
-0.655916506127561 -2.66708611872359 -1 -1
-0.653440626996170 -2.66501974384384 -1 -1
-0.650968959498912 -2.66295672097755 -1 -1
-0.648501847789774 -2.66089688467524 -1 -1
-0.646039636022742 -2.65884006948744 -1 -1
-0.643582668351803 -2.65678610996467 -1 -1
-0.641131288930946 -2.65473484065747 -1 -1
-0.638685841914155 -2.65268609611636 -1 -1
-0.636246671455418 -2.65063971089187 -1 -1
-0.633814121708723 -2.64859551953452 -1 -1
-0.631388536828057 -2.64655335659485 -1 -1
-0.628970260967405 -2.64451305662338 -1 -1
-0.626559638280755 -2.64247445417064 -1 -1
-0.624157012922095 -2.64043738378716 -1 -1
-0.621762729045411 -2.63840168002346 -1 -1
-0.619377130804689 -2.63636717743008 -1 -1
-0.617000562353918 -2.63433371055753 -1 -1
-0.614633367847083 -2.63230111395635 -1 -1
-0.612275891438173 -2.63026922217707 -1 -1
-0.609928477281172 -2.62823786977021 -1 -1
-0.607591469530070 -2.62620689128630 -1 -1
-0.605265212338853 -2.62417612127587 -1 -1
-0.602950049861507 -2.62214539428945 -1 -1
-0.600646326252020 -2.62011454487756 -1 -1
-0.598354385664378 -2.61808340759073 -1 -1
-0.596074572252570 -2.61605181697949 -1 -1
-0.593807230170580 -2.61401960759436 -1 -1
-0.591552703572397 -2.61198661398588 -1 -1
-0.589311336612007 -2.60995267070457 -1 -1
-0.587083473443398 -2.60791761230096 -1 -1
-0.584869458220556 -2.60588127332558 -1 -1
-0.582669635097468 -2.60384348832895 -1 -1
-0.580484348228121 -2.60180409186160 -1 -1
-0.578313941766503 -2.59976291847406 -1 -1
-0.576158759866600 -2.59771980271686 -1 -1
-0.574019146682399 -2.59567457914053 -1 -1
-0.571895446367886 -2.59362708229558 -1 -1
-0.569788003077050 -2.59157714673256 -1 -1
-0.567697160963877 -2.58952460700198 -1 -1
-0.565623264182354 -2.58746929765438 -1 -1
-0.563566656886467 -2.58541105324029 -1 -1
-0.561527683230204 -2.58334970831022 -1 -1
-0.559506687367552 -2.58128509741471 -1 -1
-0.557504013452498 -2.57921705510429 -1 -1
-0.555520005639028 -2.57714541592948 -1 -1
-0.553555008081131 -2.57507001444082 -1 -1
-0.551609364932791 -2.57299068518882 -1 -1
-0.549683420347998 -2.57090726272402 -1 -1
-0.547777518480736 -2.56881958159694 -1 -1
-0.545892003484994 -2.56672747635811 -1 -1
-0.544027219514759 -2.56463078155807 -1 -1
-0.542183510724017 -2.56252933174733 -1 -1
-0.540361221266755 -2.56042296147642 -1 -1
-0.538560695296960 -2.55831150529588 -1 -1
-0.536782276968620 -2.55619479775622 -1 -1
-0.535026310435721 -2.55407267340799 -1 -1
-0.533293139852249 -2.55194496680170 -1 -1
-0.531583109372193 -2.54981151248788 -1 -1
-0.529896563149539 -2.54767214501706 -1 -1
-0.528233845338274 -2.54552669893977 -1 -1
-0.526595300092385 -2.54337500880654 -1 -1
-0.524981271565859 -2.54121690916788 -1 -1
-0.523392103912683 -2.53905223457434 -1 -1
-0.521828141286843 -2.53688081957644 -1 -1
-0.520289727842328 -2.53470249872471 -1 -1
-0.518777207733123 -2.53251710656966 -1 -1
-0.517290925113215 -2.53032447766184 -1 -1
-0.515831224136592 -2.52812444655177 -1 -1
-0.514398448957241 -2.52591684778997 -1 -1
-0.512992943729148 -2.52370151592698 -1 -1
-0.511615052606301 -2.52147828551332 -1 -1
-0.510265119742686 -2.51924699109952 -1 -1
-0.508943489292291 -2.51700746723611 -1 -1
-0.507650505409102 -2.51475954847361 -1 -1
-0.506386512247106 -2.51250306936255 -1 -1
-0.505151853960291 -2.51023786445346 -1 -1
-0.503946874702642 -2.50796376829687 -1 -1
-0.502771918628148 -2.50568061544331 -1 -1
-0.501627329890795 -2.50338824044330 -1 -1
-0.500513452644570 -2.50108647784737 -1 -1
-0.499430614466157 -2.49877517435906 -1 -1
-0.498378809566993 -2.49645442107582 -1 -1
-0.497357723420455 -2.49412453543455 -1 -1
-0.496367029857151 -2.49178584340759 -1 -1
-0.495406402707688 -2.48943867096727 -1 -1
-0.494475515802675 -2.48708334408594 -1 -1
-0.493574042972718 -2.48472018873594 -1 -1
-0.492701658048425 -2.48234953088962 -1 -1
-0.491858034860404 -2.47997169651930 -1 -1
-0.491042847239262 -2.47758701159733 -1 -1
-0.490255769015607 -2.47519580209606 -1 -1
-0.489496474020047 -2.47279839398782 -1 -1
-0.488764636083188 -2.47039511324496 -1 -1
-0.488059929035639 -2.46798628583981 -1 -1
-0.487382026708007 -2.46557223774471 -1 -1
-0.486730602930900 -2.46315329493202 -1 -1
-0.486105331534925 -2.46072978337406 -1 -1
-0.485505886350689 -2.45830202904318 -1 -1
-0.484931941208801 -2.45587035791172 -1 -1
-0.484383169939868 -2.45343509595202 -1 -1
-0.483859246374498 -2.45099656913642 -1 -1
-0.483359844343297 -2.44855510343727 -1 -1
-0.482884637676874 -2.44611102482689 -1 -1
-0.482433300205836 -2.44366465927764 -1 -1
-0.482005505760791 -2.44121633276186 -1 -1
-0.481600928172347 -2.43876637125188 -1 -1
-0.481219241271110 -2.43631510072005 -1 -1
-0.480860118887688 -2.43386284713870 -1 -1
-0.480523234852689 -2.43140993648019 -1 -1
-0.480208262996721 -2.42895669471684 -1 -1
-0.479914877150391 -2.42650344782100 -1 -1
-0.479642751144307 -2.42405052176501 -1 -1
-0.479391558809076 -2.42159824252122 -1 -1
-0.479160973975306 -2.41914693606196 -1 -1
-0.478950670473604 -2.41669692835957 -1 -1
-0.478760322134578 -2.41424854538639 -1 -1
-0.478589602788835 -2.41180211311477 -1 -1
-0.478438186266984 -2.40935795751705 -1 -1
-0.478305746399631 -2.40691640456556 -1 -1
-0.478191957017384 -2.40447778023265 -1 -1
-0.478096491950851 -2.40204241049066 -1 -1
-0.478019025030640 -2.39961062131193 -1 -1
-0.477959230087357 -2.39718273866880 -1 -1
-0.477916780951610 -2.39475908853361 -1 -1
-0.477891351454008 -2.39233999687870 -1 -1
-0.477882615425157 -2.38992578967641 -1 -1
-0.477890246695665 -2.38751679289909 -1 -1
-0.477913919096140 -2.38511333251907 -1 -1
-0.477953306457189 -2.38271573450870 -1 -1
-0.478008082609420 -2.38032432484031 -1 -1
-0.478077921383441 -2.37793942948626 -1 -1
-0.478162496609858 -2.37556137441886 -1 -1
-0.478261482119280 -2.37319048561048 -1 -1
-0.478374551742313 -2.37082708903345 -1 -1
-0.478501379309567 -2.36847151066011 -1 -1
-0.478641638651647 -2.36612407646280 -1 -1
-0.478795003599162 -2.36378511241386 -1 -1
-0.478961147982720 -2.36145494448563 -1 -1
-0.479139745632927 -2.35913389865046 -1 -1
-0.479330470380392 -2.35682230088069 -1 -1
-0.479532996055722 -2.35452047714865 -1 -1
-0.479746996489525 -2.35222875342668 -1 -1
-0.479972145512407 -2.34994745568714 -1 -1
-0.480208116954977 -2.34767690990235 -1 -1
-0.480454584647843 -2.34541744204466 -1 -1
-0.480711222421611 -2.34316937808641 -1 -1
-0.480977704106890 -2.34093304399994 -1 -1
-0.481253703534286 -2.33870876575759 -1 -1
-0.481538894534408 -2.33649686933171 -1 -1
-0.481832950937863 -2.33429768069463 -1 -1
-0.482135546575259 -2.33211152581869 -1 -1
-0.482446355277203 -2.32993873067624 -1 -1
-0.482765050874303 -2.32777962123962 -1 -1
-0.483091307197166 -2.32563452348116 -1 -1
-0.483424798076399 -2.32350376337321 -1 -1
-0.483765197342612 -2.32138766688811 -1 -1
-0.484112178826410 -2.31928655999819 -1 -1
-0.484465416358402 -2.31720076867581 -1 -1
-0.484824583769195 -2.31513061889330 -1 -1
-0.485189354889397 -2.31307643662300 -1 -1
-0.485559403549614 -2.31103854783726 -1 -1
-0.485934403580456 -2.30901727850840 -1 -1
-0.486314028812529 -2.30701295460879 -1 -1
-0.486697953076441 -2.30502590211074 -1 -1
-0.487085850202800 -2.30305644698662 -1 -1
-0.487477394022212 -2.30110491520875 -1 -1
-0.487872258365287 -2.29917163274948 -1 -1
-0.488270117062630 -2.29725692558115 -1 -1
-0.488670643944850 -2.29536111967609 -1 -1
-0.489073512842555 -2.29348454100666 -1 -1
-0.489478397586351 -2.29162751554519 -1 -1
-0.489884972006847 -2.28979036926403 -1 -1
-0.490292909934650 -2.28797342813550 -1 -1
-0.490701885200367 -2.28617701813196 -1 -1
-0.491111571634607 -2.28440146522574 -1 -1
-0.491521643067976 -2.28264709538920 -1 -1
-0.491931773331083 -2.28091423459465 -1 -1
-0.492341636254534 -2.27920320881446 -1 -1
-0.492750905668938 -2.27751434402095 -1 -1
-0.493159255404901 -2.27584796618647 -1 -1
-0.493566359293032 -2.27420440128336 -1 -1
-0.493971891163939 -2.27258397528397 -1 -1
-0.494375524848228 -2.27098701416062 -1 -1
-0.494776934176507 -2.26941384388567 -1 -1
-0.495175792979383 -2.26786479043145 -1 -1
-0.495571775087466 -2.26634017977030 -1 -1
-0.495964554331361 -2.26484033787457 -1 -1
-0.496353804541676 -2.26336559071660 -1 -1
-0.496739199549020 -2.26191626426872 -1 -1
-0.497120413183999 -2.26049268450329 -1 -1
-0.497497119277221 -2.25909517739263 -1 -1
-0.497868991659294 -2.25772406890909 -1 -1
-0.498235704160825 -2.25637968502501 -1 -1
-0.498596930612423 -2.25506235171273 -1 -1
-0.498952344844693 -2.25377239494459 -1 -1
-0.499301620688244 -2.25251014069294 -1 -1
-0.499644431973684 -2.25127591493011 -1 -1
-0.499980452531620 -2.25007004362844 -1 -1
-0.500309406787849 -2.24889277747081 -1 -1
-0.500631260693493 -2.24774400773211 -1 -1
-0.500946052189119 -2.24662351856149 -1 -1
-0.501253819227644 -2.24553109408973 -1 -1
-0.501554599761988 -2.24446651844761 -1 -1
-0.501848431745069 -2.24342957576589 -1 -1
-0.502135353129806 -2.24242005017534 -1 -1
-0.502415401869118 -2.24143772580675 -1 -1
-0.502688615915922 -2.24048238679088 -1 -1
-0.502955033223138 -2.23955381725851 -1 -1
-0.503214691743685 -2.23865180134040 -1 -1
-0.503467629430480 -2.23777612316735 -1 -1
-0.503713884236443 -2.23692656687010 -1 -1
-0.503953494114492 -2.23610291657945 -1 -1
-0.504186497017546 -2.23530495642616 -1 -1
-0.504412930898522 -2.23453247054100 -1 -1
-0.504632833710341 -2.23378524305476 -1 -1
-0.504846243405921 -2.23306305809820 -1 -1
-0.505053197938179 -2.23236569980209 -1 -1
-0.505253735260036 -2.23169295229721 -1 -1
-0.505447893324408 -2.23104459971433 -1 -1
-0.505635710084216 -2.23042042618422 -1 -1
-0.505817223492378 -2.22982021583767 -1 -1
-0.505992471501811 -2.22924375280543 -1 -1
-0.506161492065435 -2.22869082121829 -1 -1
-0.506324323136169 -2.22816120520701 -1 -1
-0.506481002666931 -2.22765468890238 -1 -1
-0.506631568610639 -2.22717105643516 -1 -1
-0.506776058920213 -2.22671009193612 -1 -1
-0.506914511548570 -2.22627157953604 -1 -1
-0.507046964448630 -2.22585530336570 -1 -1
-0.507173455573311 -2.22546104755586 -1 -1
-0.507294022875532 -2.22508859623730 -1 -1
-0.507408704308211 -2.22473773354080 -1 -1
-0.507517537824267 -2.22440824359711 -1 -1
-0.507620561376619 -2.22409991053703 -1 -1
-0.507717812918184 -2.22381251849132 -1 -1
-0.507809330401883 -2.22354585159075 -1 -1
-0.507895151780632 -2.22329969396610 -1 -1
-0.507975315007352 -2.22307382974814 -1 -1
-0.508049858034960 -2.22286804306764 -1 -1
-0.508118818816376 -2.22268211805539 -1 -1
-0.508182235304517 -2.22251583884214 -1 -1
-0.508240145452302 -2.22236898955867 -1 -1
-0.508292587212651 -2.22224135433576 -1 -1
-0.508339598538481 -2.22213271730418 -1 -1
-0.508381217382712 -2.22204286259470 -1 -1
-0.508417481698261 -2.22197157433810 -1 -1
-0.508448429438048 -2.22191863666515 -1 -1
-0.508474098554990 -2.22188383370662 -1 -1
-0.508494527002008 -2.22186694959328 -1 -1
-0.508509752732019 -2.22186776845591 -1 -1
-0.508519813697941 -2.22188607442529 -1 -1
-0.508524747852694 -2.22192165163218 1 1
-0.508524593149197 -2.22197428420735 1 1
-0.508519387540367 -2.22204375628159 1 1
-0.508509168979123 -2.22212985198566 1 1
-0.508493975418384 -2.22223235545033 1 1
-0.508473844811069 -2.22235105080639 1 1
-0.508448815110096 -2.22248572218460 1 1
-0.508418924268383 -2.22263615371574 1 1
-0.508384210238850 -2.22280212953057 1 1
-0.508344710974415 -2.22298343375988 1 1
-0.508300464427997 -2.22317985053443 1 1
-0.508251508552514 -2.22339116398500 1 1
-0.508197881300885 -2.22361715824237 1 1
-0.508139620626028 -2.22385761743730 1 1
-0.508076764480862 -2.22411232570056 1 1
-0.508009350818305 -2.22438106716294 1 1
-0.507937417591278 -2.22466362595521 1 1
-0.507861002752696 -2.22495978620813 1 1
-0.507780144255481 -2.22526933205248 1 1
-0.507694880052549 -2.22559204761903 1 1
-0.507605248096820 -2.22592771703856 1 1
-0.507511286341213 -2.22627612444184 1 1
-0.507413032738645 -2.22663705395965 1 1
-0.507310525242036 -2.22701028972275 1 1
-0.507203801804304 -2.22739561586192 1 1
-0.507092900378368 -2.22779281650793 1 1
-0.506977858917146 -2.22820167579156 1 1
-0.506858715373557 -2.22862197784358 1 1
-0.506735507700520 -2.22905350679475 1 1
-0.506608273850952 -2.22949604677587 1 1
-0.506477051777774 -2.22994938191769 1 1
-0.506341879433903 -2.23041329635099 1 1
-0.506202794772258 -2.23088757420655 1 1
-0.506059835745758 -2.23137199961513 1 1
-0.505913040307321 -2.23186635670752 1 1
-0.505762446409865 -2.23237042961448 1 1
-0.505608092006311 -2.23288400246678 1 1
-0.505450015049575 -2.23340685939521 1 1
-0.505288253492577 -2.23393878453053 1 1
-0.505122845288235 -2.23447956200351 1 1
-0.504953828389468 -2.23502897594493 1 1
-0.504781240749195 -2.23558681048557 1 1
-0.504605120320333 -2.23615284975619 1 1
-0.504425505055803 -2.23672687788757 1 1
-0.504242432908522 -2.23730867901048 1 1
-0.504055941831408 -2.23789803725570 1 1
-0.503866069777382 -2.23849473675400 1 1
-0.503672854699360 -2.23909856163614 1 1
-0.503476334550262 -2.23970929603291 1 1
-0.503276547283007 -2.24032672407508 1 1
-0.503073530850512 -2.24095062989342 1 1
-0.502867323205698 -2.24158079761870 1 1
-0.502657962301481 -2.24221701138170 1 1
-0.502445486090781 -2.24285905531319 1 1
-0.502229932526517 -2.24350671354394 1 1
-0.502011339561606 -2.24415977020473 1 1
-0.501789745148969 -2.24481800942632 1 1
-0.501565187241522 -2.24548121533950 1 1
-0.501337703792186 -2.24614917207504 1 1
-0.501107332753878 -2.24682166376370 1 1
-0.500874112079517 -2.24749847453627 1 1
-0.500638079722021 -2.24817938852351 1 1
-0.500399273634310 -2.24886418985619 1 1
-0.500157731769302 -2.24955266266510 1 1
-0.499913491727395 -2.25024459200446 1 1
-0.499666572662015 -2.25093981125161 1 1
-0.499416966588995 -2.25163822487272 1 1
-0.499164663351921 -2.25233974302430 1 1
-0.498909652794378 -2.25304427586286 1 1
-0.498651924759952 -2.25375173354493 1 1
-0.498391469092226 -2.25446202622701 1 1
-0.498128275634786 -2.25517506406562 1 1
-0.497862334231219 -2.25589075721728 1 1
-0.497593634725108 -2.25660901583850 1 1
-0.497322166960038 -2.25732975008579 1 1
-0.497047920779596 -2.25805287011568 1 1
-0.496770886027366 -2.25877828608467 1 1
-0.496491052546933 -2.25950590814929 1 1
-0.496208410181883 -2.26023564646604 1 1
-0.495922948775800 -2.26096741119144 1 1
-0.495634658172270 -2.26170111248200 1 1
-0.495343528214878 -2.26243666049425 1 1
-0.495049548747209 -2.26317396538469 1 1
-0.494752709612849 -2.26391293730985 1 1
-0.494453000655382 -2.26465348642623 1 1
-0.494150411718393 -2.26539552289035 1 1
-0.493844932645468 -2.26613895685873 1 1
-0.493536553280193 -2.26688369848788 1 1
-0.493225263466151 -2.26762965793432 1 1
-0.492911053046928 -2.26837674535455 1 1
-0.492593911866110 -2.26912487090510 1 1
-0.492273829767282 -2.26987394474249 1 1
-0.491950796594028 -2.27062387702322 1 1
-0.491624802189934 -2.27137457790381 1 1
-0.491295836398586 -2.27212595754078 1 1
-0.490963889063567 -2.27287792609063 1 1
-0.490628950028464 -2.27363039370990 1 1
-0.490291009136861 -2.27438327055509 1 1
-0.489950056232344 -2.27513646678271 1 1
-0.489606081158498 -2.27588989254928 1 1
-0.489259073758908 -2.27664345801132 1 1
-0.488909023877159 -2.27739707332534 1 1
-0.488555921356837 -2.27815064864786 1 1
-0.488199756041526 -2.27890409413539 1 1
-0.487840517774811 -2.27965731994444 1 1
-0.487478196400279 -2.28041023623154 1 1
-0.487112781761513 -2.28116275315319 1 1
-0.486744263702100 -2.28191478086591 1 1
-0.486372632065623 -2.28266622952622 1 1
-0.485997876695670 -2.28341700929063 1 1
-0.485619987435824 -2.28416703031566 1 1
-0.485238954129670 -2.28491620275782 1 1
-0.484854766620795 -2.28566443677362 1 1
-0.484467414752783 -2.28641164251959 1 1
-0.484076888369219 -2.28715773015223 1 1
-0.483683177313688 -2.28790260982806 1 1
-0.483286271429776 -2.28864619170360 1 1
-0.482886160561068 -2.28938838593536 1 1
-0.482482834551149 -2.29012910267986 1 1
-0.482076283243604 -2.29086825209361 1 1
-0.481666496482018 -2.29160574433312 1 1
-0.481253464109976 -2.29234148955492 1 1
-0.480837175971064 -2.29307539791551 1 1
-0.480417621908867 -2.29380737957142 1 1
-0.479994791766970 -2.29453734467915 1 1
-0.479568675388957 -2.29526520339522 1 1
-0.479139262618415 -2.29599086587615 1 1
-0.478706543298928 -2.29671424227845 1 1
-0.478270507274082 -2.29743524275864 1 1
-0.477831144387461 -2.29815377747322 1 1
-0.477388444482651 -2.29886975657873 1 1
-0.476942397403238 -2.29958309023166 1 1
-0.476492992992805 -2.30029368858855 1 1
-0.476040221094939 -2.30100146180589 1 1
-0.475584071553224 -2.30170632004021 1 1
-0.475124534211246 -2.30240817344802 1 1
-0.474661598912589 -2.30310693218584 1 1
-0.474195255500840 -2.30380250641018 1 1
-0.473725493819583 -2.30449480627756 1 1
-0.473252303712402 -2.30518374194448 1 1
-0.472775675022885 -2.30586922356748 1 1
-0.472295597594615 -2.30655116130305 1 1
-0.471812061271178 -2.30722946530773 1 1
-0.471325055896159 -2.30790404573801 1 1
-0.470834571313142 -2.30857481275042 1 1
-0.470340597365715 -2.30924167650147 1 1
-0.469843123897460 -2.30990454714768 1 1
-0.469342140751964 -2.31056333484556 1 1
-0.468837637772812 -2.31121794975163 1 1
-0.468329604803589 -2.31186830202240 1 1
-0.467818031687879 -2.31251430181438 1 1
-0.467302908269269 -2.31315585928410 1 1
-0.466784224391344 -2.31379288458806 1 1
-0.466261969897688 -2.31442528788278 1 1
-0.465736134631886 -2.31505297932479 1 1
-0.465206708437525 -2.31567586907058 1 1
-0.464673681158188 -2.31629386727668 1 1
-0.464137042637462 -2.31690688409960 1 1
-0.463596782718931 -2.31751482969586 1 1
-0.463052891246180 -2.31811761422197 1 1
-0.462505358062795 -2.31871514783444 1 1
-0.461954173012361 -2.31930734068980 1 1
-0.461399325938463 -2.31989410294456 1 1
-0.460840806684686 -2.32047534475522 1 1
-0.460278605094616 -2.32105097627832 1 1
-0.459712711011837 -2.32162090767035 1 1
-0.459143114279934 -2.32218504908784 1 1
-0.458569804742494 -2.32274331068731 1 1
-0.457992772243100 -2.32329560262526 1 1
-0.457412006625338 -2.32384183505821 1 1
-0.456827497732794 -2.32438191814268 1 1
-0.456239235409052 -2.32491576203518 1 1
-0.455647209497697 -2.32544327689222 1 1
-0.455051409842316 -2.32596437287033 1 1
-0.454451826286492 -2.32647896012602 1 1
-0.453848448673811 -2.32698694881580 1 1
-0.453241266847859 -2.32748824909618 1 1
-0.452630270652220 -2.32798277112369 1 1
-0.452015449930480 -2.32847042505483 1 1
-0.451396794526223 -2.32895112104612 1 1
-0.450774294283035 -2.32942476925409 1 1
-0.450147939044501 -2.32989127983523 1 1
-0.449517719610366 -2.33035057400985 1 1
-0.448883634706439 -2.33080266471134 1 1
-0.448245686977608 -2.33124761022099 1 1
-0.447603879096613 -2.33168546914240 1 1
-0.446958213736196 -2.33211630007915 1 1
-0.446308693569097 -2.33254016163486 1 1
-0.445655321268056 -2.33295711241310 1 1
-0.444998099505816 -2.33336721101748 1 1
-0.444337030955115 -2.33377051605160 1 1
-0.443672118288696 -2.33416708611904 1 1
-0.443003364179299 -2.33455697982340 1 1
-0.442330771299664 -2.33494025576828 1 1
-0.441654342322532 -2.33531697255726 1 1
-0.440974079920645 -2.33568718879396 1 1
-0.440289986766742 -2.33605096308195 1 1
-0.439602065533565 -2.33640835402484 1 1
-0.438910318893854 -2.33675942022623 1 1
-0.438214749520350 -2.33710422028969 1 1
-0.437515360085794 -2.33744281281884 1 1
-0.436812153262927 -2.33777525641726 1 1
-0.436105131724489 -2.33810160968855 1 1
-0.435394298143221 -2.33842193123631 1 1
-0.434679655191863 -2.33873627966413 1 1
-0.433961205543158 -2.33904471357560 1 1
-0.433238951869844 -2.33934729157433 1 1
-0.432512896844664 -2.33964407226389 1 1
-0.431783043140357 -2.33993511424790 1 1
-0.431049393429665 -2.34022047612994 1 1
-0.430311950385329 -2.34050021651362 1 1
-0.429570716680088 -2.34077439400251 1 1
-0.428825694986684 -2.34104306720023 1 1
-0.428076887977857 -2.34130629471036 1 1
-0.427324298326349 -2.34156413513649 1 1
-0.426567928704900 -2.34181664708224 1 1
-0.425807781786250 -2.34206388915118 1 1
-0.425043860243141 -2.34230591994691 1 1
-0.424276166748314 -2.34254279807304 1 1
-0.423504703974508 -2.34277458213314 1 1
-0.422729474594465 -2.34300133073083 1 1
-0.421950481280925 -2.34322310246969 1 1
-0.421167726706630 -2.34343995595332 1 1
-0.420381213544320 -2.34365194978531 1 1
-0.419590944466735 -2.34385914256926 1 1
-0.418796922146617 -2.34406159290876 1 1
-0.417999149256707 -2.34425935940741 1 1
-0.417197628469744 -2.34445250066880 1 1
-0.416392362458470 -2.34464107529653 1 1
-0.415583353895625 -2.34482514189419 1 1
-0.414770605453951 -2.34500475906539 1 1
-0.413954119806187 -2.34517998541370 1 1
-0.413133899625076 -2.34535087954273 1 1
-0.412309947583356 -2.34551750005607 1 1
-0.411482266353770 -2.34567990555732 1 1
-0.410650858609058 -2.34583815465007 1 1
-0.409815727021961 -2.34599230593792 1 1
-0.408976874265219 -2.34614241802446 1 1
-0.408134303011573 -2.34628854951329 1 1
-0.407288015933764 -2.34643075900800 1 1
-0.406438015704533 -2.34656910511219 1 1
-0.405584304996620 -2.34670364642945 1 1
-0.404726886482767 -2.34683444156337 1 1
-0.403865762835713 -2.34696154911756 1 1
-0.403000936728200 -2.34708502769560 1 1
-0.402132410832969 -2.34720493590109 1 1
-0.401260187822760 -2.34732133233763 1 1
-0.400384270370314 -2.34743427560881 1 1
-0.399504661148371 -2.34754382431822 1 1
-0.398621362829673 -2.34765003706947 1 1
-0.397734378086959 -2.34775297246614 1 1
-0.396843709592972 -2.34785268911183 1 1
-0.395949360020452 -2.34794924561014 1 1
-0.395051332042139 -2.34804270056466 1 1
-0.394149628330774 -2.34813311257898 1 1
-0.393244251559097 -2.34822054025670 1 1
-0.392335204399851 -2.34830504220142 1 1
-0.391422489525775 -2.34838667701673 1 1
-0.390506109609610 -2.34846550330623 1 1
-0.389586067324097 -2.34854157967350 1 1
-0.388662365341977 -2.34861496472215 1 1
-0.387735006335990 -2.34868571705576 1 1
-0.386803992978877 -2.34875389527795 1 1
-0.385869327943379 -2.34881955799229 1 1
-0.384931013902236 -2.34888276380238 1 1
-0.383989053528190 -2.34894357131183 1 1
-0.383043449493981 -2.34900203912422 1 1
-0.382094204472350 -2.34905822584314 1 1
-0.381141321136038 -2.34911219007220 1 1
-0.380184802157785 -2.34916399041500 1 1
-0.379224650210332 -2.34921368547511 1 1
-0.378260867966420 -2.34926133385614 1 1
-0.377293458098789 -2.34930699416169 1 1
-0.376322423280181 -2.34935072499534 1 1
-0.375347766183336 -2.34939258496070 1 1
-0.374369489480995 -2.34943263266136 1 1
-0.373387595845898 -2.34947092670091 1 1
-0.372402087950787 -2.34950752568294 1 1
-0.371412968468402 -2.34954248821106 1 1
-0.370420240071484 -2.34957587288886 1 1
-0.369423905432773 -2.34960773831993 1 1
-0.368423967225010 -2.34963814310787 1 1
-0.367420428120937 -2.34966714585627 1 1
-0.366413290793293 -2.34969480516873 1 1
-0.365402557914820 -2.34972117964884 1 1
-0.364388232158258 -2.34974632790020 1 1
-0.363370316196349 -2.34977030852640 1 1
-0.362348812701832 -2.34979318013104 1 1
-0.361323724347449 -2.34981500131771 1 1
-0.360295053805940 -2.34983583069001 1 1
-0.359262803750046 -2.34985572685152 1 1
-0.358226976852508 -2.34987474840586 1 1
-0.357187575786066 -2.34989295395660 1 1
-0.356144603223462 -2.34991040210736 1 1
-0.355098061837436 -2.34992715146171 1 1
-0.354047954300728 -2.34994326062326 1 1
-0.352994283286080 -2.34995878819560 1 1
-0.351937051466233 -2.34997379278233 1 1
-0.350876261513926 -2.34998833298704 1 1
-0.349811916098964 -2.35000246736243 1 1
-0.348744017032476 -2.35001623958555 1 1
-0.347672564078472 -2.35002965786899 1 1
-0.346597556702401 -2.35004272525315 1 1
-0.345518994369716 -2.35005544477845 1 1
-0.344436876545869 -2.35006781948530 1 1
-0.343351202696311 -2.35007985241411 1 1
-0.342261972286495 -2.35009154660530 1 1
-0.341169184781872 -2.35010290509927 1 1
-0.340072839647895 -2.35011393093643 1 1
-0.338972936350014 -2.35012462715721 1 1
-0.337869474353683 -2.35013499680200 1 1
-0.336762453124352 -2.35014504291122 1 1
-0.335651872127474 -2.35015476852529 1 1
-0.334537730828500 -2.35016417668461 1 1
-0.333420028692882 -2.35017327042960 1 1
-0.332298765186073 -2.35018205280067 1 1
-0.331173939773523 -2.35019052683822 1 1
-0.330045551920685 -2.35019869558268 1 1
-0.328913601093011 -2.35020656207445 1 1
-0.327778086755953 -2.35021412935394 1 1
-0.326639008374962 -2.35022140046157 1 1
-0.325496365415489 -2.35022837843775 1 1
-0.324350157342989 -2.35023506632289 1 1
-0.323200383622911 -2.35024146715740 1 1
-0.322047043720707 -2.35024758398169 1 1
-0.320890137101831 -2.35025341983617 1 1
-0.319729663231733 -2.35025897776127 1 1
-0.318565621575865 -2.35026426079738 1 1
-0.317398011599679 -2.35026927198491 1 1
-0.316226832768628 -2.35027401436429 1 1
-0.315052084548162 -2.35027849097592 1 1
-0.313873766403735 -2.35028270486022 1 1
-0.312691877800796 -2.35028665905759 1 1
-0.311506418204799 -2.35029035660845 1 1
-0.310317387081196 -2.35029380055321 1 1
-0.309124783895437 -2.35029699393228 1 1
-0.307928608112976 -2.35029993978607 1 1
-0.306728859199263 -2.35030264115500 1 1
-0.305525536619751 -2.35030510107947 1 1
-0.304318639839892 -2.35030732259990 1 1
-0.303108168325137 -2.35030930875670 1 1
-0.301894121540938 -2.35031106259028 1 1
-0.300676498952747 -2.35031258714105 1 1
-0.299455300026016 -2.35031388544942 1 1
-0.298230524226197 -2.35031496055581 1 1
-0.297002171018742 -2.35031581550063 1 1
-0.295770239869102 -2.35031645332429 1 1
-0.294534730242729 -2.35031687706720 1 1
-0.293295641605076 -2.35031708976977 1 1
-0.292052973421593 -2.35031709447241 1 1
-0.290806725157735 -2.35031689421554 1 1
-0.289556896278949 -2.35031649203957 1 1
-0.288303486250691 -2.35031589098490 1 1
-0.287046494538412 -2.35031509409196 1 1
-0.285785920607562 -2.35031410440114 1 1
-0.284521763923595 -2.35031292495287 1 1
-0.283254023951962 -2.35031155878756 1 1
-0.281982700158115 -2.35031000894562 1 1
-0.280707792007505 -2.35030827846745 1 1
-0.279429298965585 -2.35030637039347 1 1
-0.278147220497806 -2.35030428776409 1 1
-0.276861556069621 -2.35030203361973 1 1
-0.275572305146480 -2.35029961100080 1 1
-0.274279467193836 -2.35029702294770 1 1
-0.272983041677142 -2.35029427250085 1 1
-0.271683028061848 -2.35029136270065 1 1
-0.270379425813407 -2.35028829658754 1 1
-0.269072234397270 -2.35028507720190 1 1
-0.267761453278889 -2.35028170758416 1 1
-0.266447081923716 -2.35027819077473 1 1
-0.265129119797202 -2.35027452981401 1 1
-0.263807566364802 -2.35027072774243 1 1
-0.262482421091964 -2.35026678760038 1 1
-0.261153683444142 -2.35026271242829 1 1
-0.259821352886787 -2.35025850526657 1 1
-0.258485428885351 -2.35025416915562 1 1
-0.257145910905287 -2.35024970713586 1 1
-0.255802798412045 -2.35024512224770 1 1
-0.254456090871078 -2.35024041753155 1 1
-0.253105787747837 -2.35023559602783 1 1
-0.251751888507775 -2.35023066077693 1 1
-0.250394392616343 -2.35022561481929 1 1
-0.249033299538993 -2.35022046119531 1 1
-0.247668608741177 -2.35021520294539 1 1
-0.246300319688347 -2.35020984310995 1 1
-0.244928431845955 -2.35020438472941 1 1
-0.243552944679452 -2.35019883084418 1 1
-0.242173857654291 -2.35019318449466 1 1
-0.240791170235922 -2.35018744872126 1 1
-0.239404881889799 -2.35018162656441 1 1
-0.238014992081373 -2.35017572106451 1 1
-0.236621500276095 -2.35016973526197 1 1
-0.235224405939418 -2.35016367219721 1 1
-0.233823708536793 -2.35015753491063 1 1
-0.232419407533674 -2.35015132644265 1 1
-0.231011502395509 -2.35014504983368 1 1
-0.229599992587753 -2.35013870812414 1 1
-0.228184877575857 -2.35013230435442 1 1
-0.226766156825273 -2.35012584156495 1 1
-0.225343829801452 -2.35011932279613 1 1
-0.223917895969847 -2.35011275108839 1 1
-0.222488354795909 -2.35010612948212 1 1
-0.221055205745090 -2.35009946101774 1 1
-0.219618448282842 -2.35009274873567 1 1
-0.218178081874617 -2.35008599567631 1 1
-0.216734105985866 -2.35007920488008 1 1
-0.215286520082042 -2.35007237938738 1 1
-0.213835323628596 -2.35006552223863 1 1
-0.212380516090981 -2.35005863647425 1 1
-0.210922096934647 -2.35005172513464 1 1
-0.209460065625048 -2.35004479126021 1 1
-0.207994421627634 -2.35003783789138 1 1
-0.206525164407859 -2.35003086806855 1 1
-0.205052293431172 -2.35002388483214 1 1
-0.203575808163026 -2.35001689122257 1 1
-0.202095708068875 -2.35000989028024 1 1
-0.200611992614168 -2.35000288504556 1 1
-0.199124661264358 -2.34999587855895 1 1
-0.197633713484896 -2.34998887386081 1 1
-0.196139148741235 -2.34998187399157 1 1
-0.194640966498827 -2.34997488199162 1 1
-0.193139166223123 -2.34996790090139 1 1
-0.191633747379575 -2.34996093376128 1 1
-0.190124709433635 -2.34995398361171 1 1
-0.188612051850755 -2.34994705349308 1 1
-0.187095774096386 -2.34994014644581 1 1
-0.185575875635981 -2.34993326551032 1 1
-0.184052355934992 -2.34992641372700 1 1
-0.182525214458870 -2.34991959413628 1 1
-0.180994450673067 -2.34991280977857 1 1
-0.179460064043034 -2.34990606369427 1 1
-0.177922054034224 -2.34989935892380 1 1
-0.176380420112090 -2.34989269850757 1 1
-0.174835161742081 -2.34988608548600 1 1
-0.173286278389651 -2.34987952289949 1 1
-0.171733769520252 -2.34987301378845 1 1
-0.170177634599334 -2.34986656119330 1 1
-0.168617873092349 -2.34986016815445 1 1
-0.167054484464751 -2.34985383771231 1 1
-0.165487468181991 -2.34984757290729 1 1
-0.163916823709520 -2.34984137677981 1 1
-0.162342550512790 -2.34983525237027 1 1
-0.160764648057253 -2.34982920271908 1 1
-0.159183115808362 -2.34982323086667 1 1
-0.157597953231566 -2.34981733985344 1 1
-0.156009159792320 -2.34981153271979 1 1
-0.154416734956075 -2.34980581250616 1 1
-0.152820678188282 -2.34980018225293 1 1
-0.151220988954393 -2.34979464500054 1 1
-0.149617666719860 -2.34978920378938 1 1
-0.148010710950135 -2.34978386165987 1 1
-0.146400121110670 -2.34977862165242 1 1
-0.144785896666916 -2.34977348680745 1 1
-0.143168037084326 -2.34976846016536 1 1
-0.141546541828351 -2.34976354476657 1 1
-0.139921410364444 -2.34975874365149 1 1
-0.138292642158056 -2.34975405986053 1 1
-0.136660236674638 -2.34974949643410 1 1
-0.135024193379644 -2.34974505641261 1 1
-0.133384511738523 -2.34974074283648 1 1
-0.131741191216729 -2.34973655874611 1 1
-0.130094231279714 -2.34973250718192 1 1
-0.128443631392929 -2.34972859118433 1 1
-0.126789391021826 -2.34972481379373 1 1
-0.125131509631857 -2.34972117805054 1 1
-0.123469986688473 -2.34971768699519 1 1
-0.121804821657126 -2.34971434366806 1 1
-0.120136014003270 -2.34971115110959 1 1
-0.118463563192354 -2.34970811236018 1 1
-0.116787468689832 -2.34970523046023 1 1
-0.115107729961155 -2.34970250845017 1 1
-0.113424346471774 -2.34969994937041 1 1
-0.111737317687143 -2.34969755626135 1 1
-0.110046643072711 -2.34969533216341 1 1
-0.108352322093932 -2.34969328011700 1 1
-0.106654354216257 -2.34969140316253 1 1
-0.104952738905138 -2.34968970434041 1 1
-0.103247475626028 -2.34968818669106 1 1
-0.101538563844377 -2.34968685325488 1 1
-0.0998260030256373 -2.34968570707229 1 1
-0.0981097926352606 -2.34968475118371 1 1
-0.0963899321387001 -2.34968398862953 1 1
-0.0946664210014066 -2.34968342245017 1 1
-0.0929392586888323 -2.34968305568605 1 1
-0.0912084446664287 -2.34968289137758 1 1
-0.0894739783996479 -2.34968293256516 1 1
-0.0877358593539416 -2.34968318228921 1 1
-0.0859940869947618 -2.34968364359015 1 1
-0.0842486607875595 -2.34968431950837 1 1
-0.0824995801977881 -2.34968521308431 1 1
-0.0807468446908986 -2.34968632735835 1 1
-0.0789904537323430 -2.34968766537093 1 1
-0.0772304067875730 -2.34968923016244 1 1
-0.0754667033220406 -2.34969102477330 1 1
-0.0736993428011975 -2.34969305224393 1 1
-0.0719283246904949 -2.34969531561473 1 1
-0.0701536484553861 -2.34969781792612 1 1
-0.0683753135613223 -2.34970056221850 1 1
-0.0665933194737552 -2.34970355153230 1 1
-0.0648076656581367 -2.34970678890791 1 1
-0.0630183515799187 -2.34971027738576 1 1
-0.0612253767045531 -2.34971402000625 1 1
-0.0594287404974909 -2.34971801980980 1 1
-0.0576284424241854 -2.34972227983681 1 1
-0.0558244819500879 -2.34972680312770 1 1
-0.0540168585406500 -2.34973159272289 1 1
-0.0522055716613237 -2.34973665166277 1 1
-0.0503906207775609 -2.34974198298777 1 1
-0.0485720053548134 -2.34974758973830 1 1
-0.0467497248585322 -2.34975347495476 1 1
-0.0449237787541708 -2.34975964167757 1 1
-0.0430941665071802 -2.34976609294715 1 1
-0.0412608875830122 -2.34977283180389 1 1
-0.0394239414471189 -2.34977986128822 1 1
-0.0375833275649519 -2.34978718444054 1 1
-0.0357390454019631 -2.34979480430127 1 1
-0.0338910944236036 -2.34980272391082 1 1
-0.0320394740953269 -2.34981094630960 1 1
-0.0301841838825839 -2.34981947453802 1 1
-0.0283252232508266 -2.34982831163650 1 1
-0.0264625916655068 -2.34983746064544 1 1
-0.0245962885920762 -2.34984692460526 1 1
-0.0227263134959869 -2.34985670655637 1 1
-0.0208526658426907 -2.34986680953917 1 1
-0.0189753450976385 -2.34987723659409 1 1
-0.0170943507262839 -2.34988799076154 1 1
-0.0152096821940778 -2.34989907508191 1 1
-0.0133213389664722 -2.34991049259564 1 1
-0.0114293205089189 -2.34992224634312 1 1
-0.00953362628686974 -2.34993433936477 1 1
-0.00763425576577656 -2.34994677470101 1 1
-0.00573120841109043 -2.34995955539224 1 1
-0.00382448368826480 -2.34997268447887 1 1
-0.00191408106275071 -2.34998616500132 1 1
0 -2.35000000000000 1 1