785279 7520811 0 1
785279 7520810 0 1
785279 7520809.10980259 0 1
785279 7520808.31399318 0 1
785279 7520807.59776165 0 1
785279 7520806.94703230 0 1
785279 7520806.34856759 0 1
785279 7520805.79004738 0 1
785279 7520805.26012570 0 1
785279 7520804.74846701 0 1
785279 7520804.24576393 0 1
785279 7520803.74373859 0 1
785279 7520803.23512960 0 1
785279 7520802.71366651 0 1
785279 7520802.17403378 0 1
785279 7520801.61182595 0 1
785279 7520801.02349583 0 1
785279 7520800.40629720 0 1
785279 7520799.75822354 0 1
785279 7520799.07794414 0 1
785279 7520798.36473873 0 1
785279 7520797.61843182 0 1
785279 7520796.83932761 0 1
785279 7520796.02814633 0 1
785279 7520795.18596273 0 1
785279 7520794.31414725 0 1
785279 7520793.41431047 0 1
785279 7520792.48825101 0 1
785279 7520791.53790738 0 1
785279 7520790.56531381 0 1
785279 7520789.57256027 0 1
785279 7520788.56175662 0 1
785279 7520787.53500097 0 1
785279 7520786.49435210 0 1
785279 7520785.44180587 0 1
785279 7520784.37927539 0 1
785279 7520783.30857482 0 1
785279 7520782.23140653 0 1
785279 7520781.14935138 0 1
785279 7520780.06386196 0 1
785279 7520778.97625833 0 1
785279 7520777.88772622 0 1
785279 7520776.79931728 0 1
785279 7520775.71195111 0 1
785279 7520774.62641892 0 1
785279 7520773.54338851 0 1
785279 7520772.46341030 0 1
785279 7520771.38692429 0 1
785279 7520770.31426763 0 1
785279 7520769.24568271 0 1
785279 7520768.18161377 0 1
785279 7520767.12209931 0 1
785279 7520766.06711004 0 1
785279 7520765.01655770 0 1
785279 7520763.97030360 0 1
785279 7520762.92816674 0 1
785279 7520761.88993164 0 1
785279 7520760.85535550 0 1
785279 7520759.82417500 0 1
785279 7520758.79611250 0 1
785279 7520757.77088160 0 1
785279 7520756.74819224 0 1
785279 7520755.72775513 0 1
785279 7520754.70928567 0 1
785279 7520753.69250733 0 1
785279 7520752.67715443 0 1
785279 7520751.66297451 0 1
785279 7520750.64973016 0 1
785279 7520749.63720044 0 1
785279 7520748.62518193 0 1
785279 7520747.61348932 0 1
785279 7520746.60195577 0 1
785279 7520745.59043291 0 1
785279 7520744.57879060 0 1
785279 7520743.56691651 0 1
785279 7520742.55471541 0 1
785279 7520741.54210840 0 1
785279 7520740.52903198 0 1
785279 7520739.51543700 0 1
785279 7520738.50128759 0 1
785279 7520737.48655999 0 1
785279 7520736.47124139 0 1
785279 7520735.45532872 0 1
785279 7520734.43882754 0 1
785279 7520733.42175085 0 1
785279 7520732.40411799 0 1
785279 7520731.38595360 0 1
785279 7520730.36728665 0 1
785279 7520729.34814943 0 1
785279 7520728.32857676 0 1
785279 7520727.30860517 0 1
785279 7520726.28827216 0 1
785279 7520725.26761561 0 1
785279 7520724.24667316 0 1
785279 7520723.22548175 0 1
785279 7520722.20407719 0 1
785279 7520721.18249380 0 1
785279 7520720.16076411 0 1
785279 7520719.13891866 0 1
785279 7520718.11727400 0 1
785279 7520717.09581649 0 1
785279 7520716.07453157 0 1
785279 7520715.05340408 0 1
785279 7520714.03241860 0 1
785279 7520713.01155963 0 1
785279 7520711.99081184 0 1
785279 7520710.97016028 0 1
785279 7520709.94959051 0 1
785279 7520708.92908874 0 1
785279 7520707.90864196 0 1
785279 7520706.88823800 0 1
785279 7520705.86786562 0 1
785279 7520704.84751454 0 1
785279 7520703.82717543 0 1
785279 7520702.80683997 0 1
785279 7520701.78650084 0 1
785279 7520700.76615164 0 1
785279 7520699.74578692 0 1
785279 7520698.72540213 0 1
785279 7520697.70499355 0 1
785279 7520696.68455825 0 1
785279 7520695.66409404 0 1
785279 7520694.64359938 0 1
785279 7520693.62307337 0 1
785279 7520692.60251565 0 1
785279 7520691.58192632 0 1
785279 7520690.56130593 0 1
785279 7520689.54065539 0 1
785279 7520688.51997590 0 1
785279 7520687.49926891 0 1
785279 7520686.47853610 0 1
785279 7520685.45777926 0 1
785279 7520684.43700033 0 1
785279 7520683.41620128 0 1
785279 7520682.39538414 0 1
785279 7520681.37455091 0 1
785279 7520680.35370360 0 1
785279 7520679.33284414 0 1
785279 7520678.31197439 0 1
785279 7520677.29109615 0 1
785279 7520676.27021107 0 1
785279 7520675.24932073 0 1
785279 7520674.22842656 0 1
785279 7520673.20752989 0 1
785279 7520672.18663189 0 1
785279 7520671.16573363 0 1
785279 7520670.14483604 0 1
785279 7520669.12393992 0 1
785279 7520668.10333418 0 1
785279 7520667.08297968 0 1
785279 7520666.06283867 0 1
785279 7520665.04287510 0 1
785279 7520664.02305496 0 1
785279 7520663.00334646 0 1
785279 7520661.98372020 0 1
785279 7520660.96414928 0 1
785279 7520659.94460939 0 1
785279 7520658.92507879 0 1
785279 7520657.90553830 0 1
785279 7520656.88597126 0 1
785279 7520655.86636344 0 1
785279 7520654.84670295 0 1
785279 7520653.82698008 0 1
785279 7520652.80718720 0 1
785279 7520651.78731860 0 1
785279 7520650.76737031 0 1
785279 7520649.74733997 0 1
785279 7520648.72722662 0 1
785279 7520647.70703061 0 1
785279 7520646.68675335 0 1
785279 7520645.66639722 0 1
785279 7520644.64596539 0 1
785279 7520643.62546169 0 1
785279 7520642.60489047 0 1
785279 7520641.58425646 0 1
785279 7520640.56356469 0 1
785279 7520639.54282037 0 1
785279 7520638.52202876 0 1
785279 7520637.50119516 0 1
785279 7520636.48032477 0 1
785279 7520635.45942267 0 1
785279 7520634.43849373 0 1
785279 7520633.41754260 0 1
785279 7520632.39657367 0 1
785279 7520631.37559101 0 1
785279 7520630.35459839 0 1
785279 7520629.33359925 0 1
785279 7520628.31259669 0 1
785279 7520627.29159348 0 1
785279 7520626.27059204 0 1
785279 7520625.24959450 0 1
785279 7520624.22860262 0 1
785279 7520623.20761791 0 1
785279 7520622.18664157 0 1
785279 7520621.16567454 0 1
785279 7520620.14471752 0 1
785279 7520619.12377097 0 1
785279 7520618.10312339 0 1
785279 7520617.08273515 0 1
785279 7520616.06256796 0 1
785279 7520615.04258521 0 1
785279 7520614.02275228 0 1
785279 7520613.00303675 0 1
785279 7520611.98340861 0 1
785279 7520610.96384037 0 1
785279 7520609.94430709 0 1
785279 7520608.92478646 0 1
785279 7520607.90525875 0 1
785279 7520606.88570678 0 1
785279 7520605.86611582 0 1
785279 7520604.84647352 0 1
785279 7520603.82676977 0 1
785279 7520602.80699655 0 1
785279 7520601.78714781 0 1
785279 7520600.76721928 0 1
785279 7520599.74720833 0 1
785279 7520598.72711380 0 1
785279 7520597.70693583 0 1
785279 7520596.68667569 0 1
785279 7520595.66633563 0 1
785279 7520594.64591873 0 1
785279 7520593.62542876 0 1
785279 7520592.60487002 0 1
785279 7520591.58424723 0 1
785279 7520590.56356543 0 1
785279 7520589.54282981 0 1
785279 7520588.52204571 0 1
785279 7520587.50121845 0 1
785279 7520586.48035329 0 1
785279 7520585.45945537 0 1
785279 7520584.43852964 0 1
785279 7520583.41758084 0 1
785279 7520582.39661341 0 1
785279 7520581.37563151 0 1
785279 7520580.35463901 0 1
785279 7520579.33363941 0 1
785279 7520578.31263589 0 1
785279 7520577.29163130 0 1
785279 7520576.27062813 0 1
785279 7520575.24962857 0 1
785279 7520574.22863445 0 1
785279 7520573.20764733 0 1
785279 7520572.18666848 0 1
785279 7520571.16569888 0 1
785279 7520570.14473926 0 1
785279 7520569.12379015 0 1
785279 7520568.10314005 0 1
785279 7520567.08303759 0 1
785279 7520566.06369302 0 1
785279 7520565.04528003 0 1
785279 7520564.02793790 0 1
785279 7520563.01177386 0 1
785279 7520561.99686552 0 1
785279 7520560.98326352 0 1
785279 7520559.97099414 0 1
785279 7520558.96006199 0 1
785279 7520557.95045259 0 1
785279 7520556.94213495 0 1
785279 7520555.93506406 0 1
785279.000539269 7520554.92919726 0 1
785279.003344645 7520553.92340324 0 1
785279.011018383 7520552.91686571 0 1
785279.025953525 7520551.90891516 0 1
785279.050146100 7520550.89898458 0 1
785279.085216704 7520549.88660461 0 1
785279.132434611 7520548.87139797 0 1
785279.192743749 7520547.85307321 0 1
785279.266789960 7520546.83141816 0 1
785279.354949005 7520545.80629300 0 1
785279.457386711 7520544.77763019 0 1
785279.574914475 7520543.74563532 0 1
785279.708791909 7520542.71201073 0 1
785279.861037990 7520541.67744180 0 1
785280.033185023 7520540.64254951 0 1
785280.226300106 7520539.60788236 0 1
785280.441028013 7520538.57391775 0 1
785280.677634616 7520537.54106420 0 1
785280.936050159 7520536.50966423 0 1
785281.215911815 7520535.47999783 0 1
785281.516606471 7520534.45228690 0 1
785281.837941648 7520533.42699247 0 1
785282.180582953 7520532.40508748 0 1
785282.545883554 7520531.38807246 0 1
785282.934912928 7520530.37885061 0 1
785283.349444245 7520529.38024177 0 1
785283.791466945 7520528.39541803 0 1
785284.263045723 7520527.42785427 0 1
785284.765787916 7520526.48064284 0 1
785285.300670544 7520525.55621127 0 1
785285.868104902 7520524.65637115 0 1
785286.468000986 7520523.78236934 0 1
785287.099830853 7520522.93494074 0 1
785287.762690200 7520522.11436153 0 1
785288.455357518 7520521.32050223 0 1
785289.176350295 7520520.55287976 0 1
785289.923977875 7520519.81070793 0 1
785290.696390640 7520519.09294587 0 1
785291.491625296 7520518.39834402 0 1
785292.307646125 7520517.72548727 0 1
785293.142382120 7520517.07283502 0 1
785293.993760011 7520516.43875810 0 1
785294.859733228 7520515.82157224 0 1
785295.738373847 7520515.21966763 0 1
785296.628340945 7520514.63225878 0 1
785297.528845580 7520514.05948068 0 1
785298.439508859 7520513.50231332 0 1
785299.360228936 7520512.96249692 0 1
785300.290560955 7520512.44252301 0 1
785301.230198921 7520511.94536005 0 1
785302.178841959 7520511.47437327 0 1
785303.136122197 7520511.03275976 0 1
785304.101597880 7520510.62291642 0 1
785305.074768618 7520510.24650358 0 1
785306.055089574 7520509.90451332 0 1
785307.041984513 7520509.59733857 0 1
785308.034857661 7520509.32484190 0 1
785309.033104371 7520509.08642318 0 1
785310.036120588 7520508.88108518 0 1
785311.043311129 7520508.70749661 0 1
785312.054096822 7520508.56405193 0 1
785313.067920531 7520508.44892754 0 1
785314.084252134 7520508.36013403 0 1
785315.102592510 7520508.29556426 0 1
785316.122476601 7520508.25303709 0 1
785317.143475625 7520508.23033675 0 1
785318.165198513 7520508.22524776 0 1
785319.187292643 7520508.23558553 0 1
785320.209443959 7520508.25922280 0 1
785321.231376532 7520508.29411193 0 1
785322.252851652 7520508.33830338 0 1
785323.273666523 7520508.38996050 0 1
785324.293652611 7520508.44737098 0 1
785325.312673737 7520508.50895510 0 1
785326.330623945 7520508.57327118 0 1
785327.347425227 7520508.63901839 0 1
785328.363025136 7520508.70503733 0 1
785329.377394344 7520508.77030849 0 1
785330.390524185 7520508.83394908 0 1
785331.402424212 7520508.89520824 0 1
785332.413119809 7520508.95346112 0 1
785333.422649875 7520509.00820190 0 1
785334.431064614 7520509.05903601 0 1
785335.438423438 7520509.10567185 0 1
785336.444793005 7520509.14791202 0 1
785337.450245398 7520509.18564441 0 1
785338.454856455 7520509.21883314 0 1
785339.458704256 7520509.24750967 0 1
785340.461867763 7520509.27176395 0 1
785341.464425620 7520509.29173598 0 1
785342.466455106 7520509.30760765 0 1
785343.468031228 7520509.31959505 0 1
785344.469225974 7520509.32794120 0 1
785345.470107686 7520509.33290939 0 1
785346.470740567 7520509.33477703 0 1
785347.471184304 7520509.33383002 0 1
785348.471493809 7520509.33035779 0 1
785349.471719040 7520509.32464882 0 1
785350.471904935 7520509.31698680 0 1
785351.472091405 7520509.30764727 0 1
785352.472313406 7520509.29689483 0 1
785353.472601072 7520509.28498086 0 1
785354.472979894 7520509.27214162 0 1
785355.473470943 7520509.25859693 0 1
785356.474091126 7520509.24454910 0 1
785357.474853468 7520509.23018233 0 1
785358.475767414 7520509.21566243 0 1
785359.476839141 7520509.20113676 0 1
785360.478071876 7520509.18673450 0 1
785361.479466220 7520509.17256711 0 1
785362.481020465 7520509.15872901 0 1
785363.482730901 7520509.14529834 0 1
785364.484592117 7520509.13233793 0 1
785365.486597286 7520509.11989632 0 1
785366.488738438 7520509.10800885 0 1
785367.491006706 7520509.09669881 0 1
785368.493392566 7520509.08597863 0 1
785369.495886047 7520509.07585104 0 1
785370.498476924 7520509.06631022 0 1
785371.501154891 7520509.05734295 0 1
785372.503909717 7520509.04892974 0 1
785373.506731373 7520509.04104583 0 1
785374.509610149 7520509.03366219 0 1
785375.512536749 7520509.02674651 0 1
785376.515502366 7520509.02026398 0 1
785377.518498746 7520509.01417811 0 1
785378.521518230 7520509.00845146 0 1
785379.524553793 7520509.00304625 0 1
785380.527599053 7520508.99792493 0 1
785381.530648287 7520508.99305069 0 1
785382.533696428 7520508.98838785 0 1
785383.536739048 7520508.98390224 0 1
785384.539772349 7520508.97956146 0 1
785385.542793128 7520508.97533514 0 1
785386.545798755 7520508.97119506 0 1
785387.548787135 7520508.96711534 0 1
785388.551756670 7520508.96307244 0 1
785389.554706222 7520508.95904525 0 1
785390.557635071 7520508.95501505 0 1
785391.560542871 7520508.95096547 0 1
785392.563429611 7520508.94688247 0 1
785393.566295573 7520508.94275417 0 1
785394.569141290 7520508.93857082 0 1
785395.571967512 7520508.93432464 0 1
785396.574775163 7520508.93000965 0 1
785397.577565310 7520508.92562160 0 1
785398.580339130 7520508.92115777 0 1
785399.583097881 7520508.91661681 0 1
785400.585842873 7520508.91199861 0 1
785401.588575443 7520508.90730415 0 1
785402.591296935 7520508.90253535 0 1
785403.594008680 7520508.89769489 0 1
785404.596711980 7520508.89278615 0 1
785405.599408089 7520508.88781300 0 1
785406.602098208 7520508.88277973 0 1
785407.604783471 7520508.87769096 0 1
785408.607464939 7520508.87255146 0 1
785409.610143594 7520508.86736614 0 1
785410.612820334 7520508.86213993 0 1
785411.615495975 7520508.85687771 0 1
785412.618171244 7520508.85158426 0 1
785413.620846785 7520508.84626419 0 1
785414.623523158 7520508.84092192 0 1
785415.626200842 7520508.83556161 0 1
785416.628880238 7520508.83018718 0 1
785417.631561674 7520508.82480223 0 1
785418.634245409 7520508.81941008 0 1
785419.636931639 7520508.81401375 0 1
785420.639620501 7520508.80861590 0 1
785421.642312077 7520508.80321893 0 1
785422.645006402 7520508.79782489 0 1
785423.647703470 7520508.79243557 0 1
785424.650403237 7520508.78705244 0 1
785425.653105627 7520508.78167673 0 1
785426.655810536 7520508.77630941 0 1
785427.658517840 7520508.77095120 0 1
785428.661227395 7520508.76560260 0 1
785429.663939047 7520508.76026395 0 1
785430.666652629 7520508.75493538 0 1
785431.669367969 7520508.74961687 0 1
785432.672084893 7520508.74430826 0 1
785433.674803225 7520508.73900929 0 1
785434.677522792 7520508.73371957 0 1
785435.680243425 7520508.72843867 0 1
785436.682964963 7520508.72316605 0 1
785437.685687251 7520508.71790115 0 1
785438.688410141 7520508.71264336 0 1
785439.691133499 7520508.70739206 0 1
785440.693857199 7520508.70214659 0 1
785441.696581124 7520508.69690632 0 1
785442.699305172 7520508.69167062 0 1
785443.702029249 7520508.68643887 0 1
785444.704753275 7520508.68121046 0 1
785445.707477178 7520508.67598483 0 1
785446.710200898 7520508.67076145 0 1
785447.712924385 7520508.66553980 0 1
785448.715647598 7520508.66031943 0 1
785449.718370504 7520508.65509991 0 1
785450.721093081 7520508.64988086 0 1
785451.723815312 7520508.64466194 0 1
785452.726537187 7520508.63944284 0 1
785453.729258703 7520508.63422331 0 1
785454.731979863 7520508.62900312 0 1
785455.734700671 7520508.62378208 0 1
785456.737421141 7520508.61856005 0 1
785457.740141285 7520508.61333690 0 1
785458.742861120 7520508.60811254 0 1
785459.745580666 7520508.60288692 0 1
785460.748299943 7520508.59766000 0 1
785461.751018973 7520508.59243176 0 1
785462.753737778 7520508.58720221 0 1
785463.756456382 7520508.58197137 0 1
785464.759174807 7520508.57673929 0 1
785465.761893075 7520508.57150601 0 1
785466.764611209 7520508.56627160 0 1
785467.767329229 7520508.56103612 0 1
785468.770047156 7520508.55579965 0 1
785469.772765007 7520508.55056228 0 1
785470.775482802 7520508.54532407 0 1
785471.778200555 7520508.54008512 0 1
785472.780918281 7520508.53484551 0 1
785473.783635994 7520508.52960532 0 1
785474.786353706 7520508.52436463 0 1
785475.789071426 7520508.51912352 0 1
785476.791789164 7520508.51388207 0 1
785477.794506928 7520508.50864034 0 1
785478.797224723 7520508.50339839 0 1
785479.799942554 7520508.49815629 0 1
785480.802660427 7520508.49291408 0 1
785481.805378342 7520508.48767183 0 1
785482.808096304 7520508.48242957 0 1
785483.810814312 7520508.47718734 0 1
785484.813532367 7520508.47194517 0 1
785485.816250468 7520508.46670310 0 1
785486.818968615 7520508.46146113 0 1
785487.821686805 7520508.45621930 0 1
785488.824405038 7520508.45097762 0 1
785489.827123311 7520508.44573610 0 1
785490.829841621 7520508.44049475 0 1
785491.832559965 7520508.43525356 0 1
785492.835278341 7520508.43001255 0 1
785493.837996746 7520508.42477171 0 1
785494.840715176 7520508.41953104 0 1
785495.843433629 7520508.41429052 0 1
785496.846143472 7520508.40950978 0 1
785497.848764872 7520508.40666370 0 1
785498.851072433 7520508.40809069 0 1
785499.852835632 7520508.41577478 0 1
785500.856742977 7520508.43050536 0 1
785501.865164321 7520508.45242488 0 1
785502.880113380 7520508.48155868 0 1
785503.903264014 7520508.51782918 0 1
785504.935979905 7520508.56088667 0 1
785505.976588343 7520508.61022320 0 1
785507.026105938 7520508.66679485 0 1
785508.085256153 7520508.73163938 0 1
785509.154539535 7520508.80555152 0 1
785510.234225116 7520508.88926392 0 1
785511.324118680 7520508.98457427 0 1
785512.421088752 7520509.09283098 0 1
785513.523495079 7520509.21540938 0 1
785514.629825469 7520509.35331621 0 1
785515.738700843 7520509.50722140 0 1
785516.848877815 7520509.67749053 0 1
785517.959249080 7520509.86421750 0 1
785519.068841868 7520510.06725687 0 1
785520.176746469 7520510.28646311 0 1
785521.281779981 7520510.52258346 0 1
785522.382403878 7520510.77720195 0 1
785523.476692457 7520511.05256356 0 1
785524.562315163 7520511.35140286 0 1
785525.635631522 7520511.67590163 0 1
785526.693661578 7520512.02840473 0 1
785527.734006144 7520512.41057901 0 1
785528.754808022 7520512.82347429 0 1
785529.754710530 7520513.26758527 0 1
785530.732814243 7520513.74291349 0 1
785531.688632771 7520514.24902843 0 1
785532.622048302 7520514.78512702 0 1
785533.533267558 7520515.35009088 0 1
785534.422778713 7520515.94254092 0 1
785535.291309767 7520516.56088866 0 1
785536.139788744 7520517.20338423 0 1
785536.969306077 7520517.86816052 0 1
785537.781079387 7520518.55327358 0 1
785538.576420879 7520519.25673899 0 1
785539.356707470 7520519.97656438 0 1
785540.123158017 7520520.71097271 0 1
785540.876213165 7520521.45895658 0 1
785541.615524894 7520522.22016602 0 1
785542.340003691 7520522.99475487 0 1
785543.047876544 7520523.78323515 0 1
785543.736753957 7520524.58634064 0 1
785544.403704200 7520525.40490131 0 1
785545.045333117 7520526.23972933 0 1
785545.657812828 7520527.09095770 0 1
785546.237374601 7520527.95880155 0 1
785546.781111534 7520528.84322449 0 1
785547.286972579 7520529.74396526 0 1
785547.753684857 7520530.66056923 0 1
785548.180674829 7520531.59241867 0 1
785548.567989568 7520532.53876147 0 1
785548.916219197 7520533.49873823 0 1
785549.226421428 7520534.47140744 0 1
785549.500048983 7520535.45576864 0 1
785549.738880543 7520536.45078365 0 1
785549.944955750 7520537.45539552 0 1
785550.120514646 7520538.46854553 0 1
785550.267941852 7520539.48918803 0 1
785550.389715660 7520540.51630332 0 1
785550.488362137 7520541.54890851 0 1
785550.566414263 7520542.58606655 0 1
785550.626376026 7520543.62689355 0 1
785550.670691378 7520544.67056438 0 1
785550.701717861 7520545.71631684 0 1
785550.721704704 7520546.76345437 0 1
785550.732775125 7520547.81134759 0 1
785550.736912577 7520548.85943463 0 1
785550.735950624 7520549.90722061 0 1
785550.731566156 7520550.95427610 0 1
785550.725275600 7520552.00023503 0 1
785550.718433829 7520553.04479184 0 1
785550.712235441 7520554.08769825 0 1
785550.707718090 7520555.12875957 0 1
785550.705767584 7520556.16783077 0 1
785550.707124445 7520557.20481232 0 1
785550.712391671 7520558.23964594 0 1
785550.722043435 7520559.27231028 0 1
785550.736434491 7520560.30281665 0 1
785550.755810064 7520561.33120481 0 1
785550.780316033 7520562.35753889 0 1
785550.810009222 7520563.38190352 0 1
785550.844867650 7520564.40440006 0 1
785550.884800604 7520565.42514315 0 1
785550.929658407 7520566.44425750 0 1
785550.979241800 7520567.46187489 0 1
785551.033310841 7520568.47813148 0 1
785551.091593268 7520569.49316537 0 1
785551.153792266 7520570.50711448 0 1
785551.219593621 7520571.52011464 0 1
785551.288672224 7520572.53229796 0 1
785551.360697913 7520573.54379150 0 1
785551.435340672 7520574.55471611 0 1
785551.512037500 7520575.56519888 0 1
785551.589483228 7520576.57514921 0 1
785551.666469558 7520577.58452444 0 1
785551.741944287 7520578.59329518 0 1
785551.815006518 7520579.60144403 0 1
785551.884900375 7520580.60896436 0 1
785551.951007484 7520581.61585904 0 1
785552.012838494 7520582.62213927 0 1
785552.070023850 7520583.62782333 0 1
785552.122304069 7520584.63293549 0 1
785552.169519680 7520585.63750495 0 1
785552.211601042 7520586.64156477 0 1
785552.248558175 7520587.64515096 0 1
785552.280470747 7520588.64830166 0 1
785552.307478340 7520589.65105626 0 1
785552.329771097 7520590.65345478 0 1
785552.347580826 7520591.65553719 0 1
785552.361172627 7520592.65734288 0 1
785552.370837099 7520593.65891021 0 1
785552.376883162 7520594.66027606 0 1
785552.379631512 7520595.66147553 0 1
785552.379408723 7520596.66254167 0 1
785552.376542003 7520597.66350531 0 1
785552.371354590 7520598.66439482 0 1
785552.364161766 7520599.66523613 0 1
785552.355267489 7520600.66605261 0 1
785552.344961585 7520601.66686506 0 1
785552.333517494 7520602.66769178 0 1
785552.321190515 7520603.66854859 0 1
785552.308216524 7520604.66944894 0 1
785552.294811116 7520605.67040401 0 1
785552.281169138 7520606.67142284 0 1
785552.267464563 7520607.67251246 0 1
785552.253850669 7520608.67367806 0 1
785552.240460487 7520609.67492312 0 1
785552.227407465 7520610.67624960 0 1
785552.214786329 7520611.67765810 0 1
785552.202674089 7520612.67914800 0 1
785552.191131174 7520613.68071762 0 1
785552.180202646 7520614.68236441 0 1
785552.169919485 7520615.68408505 0 1
785552.160299900 7520616.68587562 0 1
785552.151350668 7520617.68773171 0 1
785552.143068448 7520618.68964855 0 1
785552.135441087 7520619.69162113 0 1
785552.128448880 7520620.69364428 0 1
785552.122065774 7520621.69571278 0 1
785552.116260521 7520622.69782142 0 1
785552.110997748 7520623.69996509 0 1
785552.106238964 7520624.70213882 0 1
785552.101943472 7520625.70433784 0 1
785552.098069213 7520626.70655763 0 1
785552.094573510 7520627.70879394 0 1
785552.091413738 7520628.71104281 0 1
785552.088547907 7520629.71330060 0 1
785552.085935166 7520630.71556402 0 1
785552.083536221 7520631.71783006 0 1
785552.081313695 7520632.72009610 0 1
785552.079232397 7520633.72235982 0 1
785552.077259547 7520634.72461921 0 1
785552.075364926 7520635.72687259 0 1
785552.073520978 7520636.72911856 0 1
785552.071702858 7520637.73135600 0 1
785552.069888447 7520638.73358403 0 1
785552.068058313 7520639.73580204 0 1
785552.066195649 7520640.73800962 0 1
785552.064286184 7520641.74020654 0 1
785552.062318060 7520642.74239277 0 1
785552.060281701 7520643.74456841 0 1
785552.058169663 7520644.74673371 0 1
785552.055976469 7520645.74888903 0 1
785552.053698445 7520646.75103483 0 1
785552.051333547 7520647.75317161 0 1
785552.048881183 7520648.75529998 0 1
785552.046342048 7520649.75742055 0 1
785552.043717948 7520650.75953400 0 1
785552.041011643 7520651.76164099 0 1
785552.038226687 7520652.76374221 0 1
785552.035367283 7520653.76583834 0 1
785552.032438141 7520654.76793004 0 1
785552.029444353 7520655.77001795 0 1
785552.026391275 7520656.77210268 0 1
785552.023284420 7520657.77418483 0 1
785552.020129359 7520658.77626494 0 1
785552.016931643 7520659.77834351 0 1
785552.013696722 7520660.78042101 0 1
785552.010429888 7520661.78249787 0 1
785552.007136218 7520662.78457446 0 1
785552.003820529 7520663.78665111 0 1
785552.000487348 7520664.78872813 0 1
785551.997140882 7520665.79080576 0 1
785551.993785002 7520666.79288422 0 1
785551.990423226 7520667.79496368 0 1
785551.987058722 7520668.79704428 0 1
785551.983694300 7520669.79912612 0 1
785551.980332422 7520670.80120928 0 1
785551.976975209 7520671.80329382 0 1
785551.973624455 7520672.80537975 0 1
785551.970281642 7520673.80746707 0 1
785551.966947959 7520674.80955576 0 1
785551.963624321 7520675.81164580 0 1
785551.960311391 7520676.81373712 0 1
785551.957009601 7520677.81582968 0 1
785551.953719176 7520678.81792340 0 1
785551.950440156 7520679.82001819 0 1
785551.947172417 7520680.82211399 0 1
785551.943915696 7520681.82421069 0 1
785551.940669609 7520682.82630822 0 1
785551.937433673 7520683.82840648 0 1
785551.934207325 7520684.83050539 0 1
785551.930989937 7520685.83260486 0 1
785551.927780838 7520686.83470481 0 1
785551.924579322 7520687.83680516 0 1
785551.921384668 7520688.83890582 0 1
785551.918196149 7520689.84100674 0 1
785551.915013043 7520690.84310785 0 1
785551.911834642 7520691.84520908 0 1
785551.908660262 7520692.84731039 0 1
785551.905489247 7520693.84941172 0 1
785551.902320976 7520694.85151303 0 1
785551.899154867 7520695.85361429 0 1
785551.895990381 7520696.85571547 0 1
785551.892827022 7520697.85781653 0 1
785551.889664340 7520698.85991746 0 1
785551.886501933 7520699.86201823 0 1
785551.883339443 7520700.86411884 0 1
785551.880176559 7520701.86621928 0 1
785551.877013014 7520702.86831954 0 1
785551.873848582 7520703.87041961 0 1
785551.870683077 7520704.87251950 0 1
785551.867516354 7520705.87461922 0 1
785551.864348298 7520706.87671876 0 1
785551.861178832 7520707.87881813 0 1
785551.858007904 7520708.88091734 0 1
785551.854835490 7520709.88301641 0 1
785551.851661591 7520710.88511533 0 1
785551.848486225 7520711.88721413 0 1
785551.845309432 7520712.88931282 0 1
785551.842131263 7520713.89141139 0 1
785551.838951785 7520714.89350988 0 1
785551.835771073 7520715.89560828 0 1
785551.832589211 7520716.89770661 0 1
785551.829406286 7520717.89980488 0 1
785551.826222391 7520718.90190310 0 1
785551.823037621 7520719.90400128 0 1
785551.819852072 7520720.90609943 0 1
785551.816665835 7520721.90819755 0 1
785551.813479004 7520722.91029566 0 1
785551.810291667 7520723.91239376 0 1
785551.807103909 7520724.91449187 0 1
785551.803915809 7520725.91658997 0 1
785551.800727442 7520726.91868808 0 1
785551.797538878 7520727.92078621 0 1
785551.794350180 7520728.92288435 0 1
785551.791161405 7520729.92498250 0 1
785551.787972604 7520730.92708068 0 1
785551.784783823 7520731.92917888 0 1
785551.781595102 7520732.93127711 0 1
785551.778406473 7520733.93337536 0 1
785551.775217966 7520734.93547363 0 1
785551.772029603 7520735.93757192 0 1
785551.768841403 7520736.93967024 0 1
785551.765653378 7520737.94176858 0 1
785551.762465540 7520738.94386694 0 1
785551.759277893 7520739.94596533 0 1
785551.756090440 7520740.94806373 0 1
785551.752903181 7520741.95016215 0 1
785551.749716113 7520742.95226058 0 1
785551.746529229 7520743.95435903 0 1
785551.743342523 7520744.95645750 0 1
785551.740155986 7520745.95855597 0 1
785551.736969608 7520746.96065446 0 1
785551.733783377 7520747.96275296 0 1
785551.730597283 7520748.96485146 0 1
785551.727411312 7520749.96694997 0 1
785551.724225453 7520750.96904848 0 1
785551.721039694 7520751.97114700 0 1
785551.717854021 7520752.97324552 0 1
785551.714668424 7520753.97534405 0 1
785551.711482890 7520754.97744257 0 1
785551.708297408 7520755.97954110 0 1
785551.705111970 7520756.98163962 0 1
785551.701926564 7520757.98373815 0 1
785551.698741181 7520758.98583667 0 1
785551.695555815 7520759.98793518 0 1
785551.692370457 7520760.99003370 0 1
785551.689185101 7520761.99213222 0 1
785551.685999741 7520762.99423073 0 1
785551.682814373 7520763.99632924 0 1
785551.679628991 7520764.99842774 0 1
785551.676443594 7520766.00052624 0 1
785551.673258176 7520767.00262474 0 1
785551.670072737 7520768.00472324 0 1
785551.666887275 7520769.00682173 0 1
785551.663701788 7520770.00892022 0 1
785551.660516277 7520771.01101871 0 1
785551.657330740 7520772.01311720 0 1
785551.654145178 7520773.01521568 0 1
785551.650959590 7520774.01731416 0 1
785551.647828397 7520775.01941236 0 1
785551.644547427 7520776.02147568 0 1
785551.640044549 7520777.02395765 0 1
785551.633330697 7520778.02724477 0 1
785551.623569963 7520779.03166453 0 1
785551.610072180 7520780.03748816 0 1
785551.592284410 7520781.04493387 0 1
785551.569781589 7520782.05417035 0 1
785551.542256557 7520783.06532066 0 1
785551.509509699 7520784.07846609 0 1
785551.471438380 7520785.09365028 0 1
785551.428026341 7520786.11088326 0 1
785551.379333228 7520787.13014545 0 1
785551.325484354 7520788.15139164 0 1
785551.266660828 7520789.17455478 0 1
785551.203090139 7520790.19954959 0 1
785551.135037258 7520791.22627604 0 1
785551.062796326 7520792.25462252 0 1
785550.986682974 7520793.28446885 0 1
785550.907027290 7520794.31568900 0 1
785550.824167463 7520795.34815354 0 1
785550.738444098 7520796.38173187 0 1
785550.650195206 7520797.41629416 0 1
785550.559804990 7520798.45171710 0 1
785550.468518296 7520799.48792070 0 1
785550.378007816 7520800.52430415 0 1
785550.289728216 7520801.56033857 0 1
785550.204923031 7520802.59556550 0 1
785550.124633620 7520803.62959442 0 1
785550.049709822 7520804.66209980 0 1
785549.980821927 7520805.69281753 0 1
785549.918473658 7520806.72154096 0 1
785549.863015840 7520807.74811663 0 1
785549.814660499 7520808.77243983 0 1
785549.773495124 7520809.79444997 0 1
785549.739496895 7520810.81412597 0 1
785549.712546667 7520811.83148166 0 1
785549.692442553 7520812.84656126 0 1
785549.678373529 7520813.85943261 0 1
785549.668395923 7520814.87065748 0 1
785549.659622204 7520815.88059654 0 1
785549.649147412 7520816.88951825 0 1
785549.634450116 7520817.89767185 0 1
785549.613379772 7520818.90528634 0 1
785549.584140509 7520819.91256979 0 1
785549.545272022 7520820.91970907 0 1
785549.495628189 7520821.92686988 0 1
785549.434353994 7520822.93419709 0 1
785549.360861275 7520823.94181531 0 1
785549.274803797 7520824.94982970 0 1
785549.176052057 7520825.95832689 0 1
785549.064668219 7520826.96737609 0 1
785548.940881502 7520827.97703033 0 1
785548.805064303 7520828.98732765 0 1
785548.657313782 7520829.99820236 0 1
785548.496773730 7520831.00928248 0 1
785548.321777701 7520832.01983993 0 1
785548.130008388 7520833.02875755 0 1
785547.918653193 7520834.03450880 0 1
785547.684554016 7520835.03514932 0 1
785547.424349615 7520836.02831970 0 1
785547.134609079 7520837.01125829 0 1
785546.813104399 7520837.98129648 0 1
785546.457962615 7520838.93760429 0 1
785546.068012273 7520839.87964837 0 1
785545.642708651 7520840.80715878 0 1
785545.182063620 7520841.72010011 0 1
785544.686576509 7520842.61864289 0 1
785544.157166790 7520843.50313570 0 1
785543.595109285 7520844.37407831 0 1
785543.001972499 7520845.23209602 0 1
785542.379560522 7520846.07791542 0 1
785541.729462765 7520846.91195242 0 1
785541.052596909 7520847.73379680 0 1
785540.350366618 7520848.54159662 0 1
785539.623268927 7520849.33328972 0 1
785538.871526196 7520850.10626578 0 1
785538.095202145 7520850.85742855 0 1
785537.294308809 7520851.58326416 0 1
785536.468907543 7520852.27993593 0 1
785535.619312238 7520852.94411614 0 1
785534.746132595 7520853.57333900 0 1
785533.850229037 7520854.16592786 0 1
785532.932669728 7520854.72092069 0 1
785531.994690056 7520855.23799479 0 1
785531.037654816 7520855.71739204 0 1
785530.063023293 7520856.15984558 0 1
785529.072317365 7520856.56650877 0 1
785528.067092691 7520856.93888722 0 1
785527.048913002 7520857.27877422 0 1
785526.019327470 7520857.58819037 0 1
785524.979851077 7520857.86932738 0 1
785523.931947896 7520858.12449659 0 1
785522.877017144 7520858.35608217 0 1
785521.816381861 7520858.56649907 0 1
785520.751205489 7520858.75770668 0 1
785519.682435610 7520858.93053520 0 1
785518.610910566 7520859.08479894 0 1
785517.537964312 7520859.22052645 0 1
785516.464741842 7520859.33826870 0 1
785515.392250078 7520859.43875723 0 1
785514.321361051 7520859.52287159 0 1
785513.252816551 7520859.59160887 0 1
785512.187234006 7520859.64605533 0 1
785511.125113355 7520859.68736032 0 1
785510.066844685 7520859.71671255 0 1
785509.012716454 7520859.73531879 0 1
785507.962924092 7520859.74438492 0 1
785506.917578824 7520859.74509937 0 1
785505.876716572 7520859.73861883 0 1
785504.840306782 7520859.72605619 0 1
785503.808261094 7520859.70847055 0 1
785502.780441719 7520859.68685927 0 1
785501.756669477 7520859.66215179 0 1
785500.736731404 7520859.63520522 0 1
785499.720387882 7520859.60680142 0 1
785498.707379261 7520859.57764551 0 1
785497.697431931 7520859.54836564 0 1
785496.690263837 7520859.51951384 0 1
785495.685589430 7520859.49156780 0 1
785494.683124050 7520859.46493348 0 1
785493.682587750 7520859.43994837 0 1
785492.683708590 7520859.41688535 0 1
785491.686225404 7520859.39595687 0 1
785490.689890079 7520859.37731954 0 1
785489.694469369 7520859.36107884 0 1
785488.699746279 7520859.34729406 0 1
785487.705521056 7520859.33598312 0 1
785486.711611812 7520859.32712753 0 1
785485.717854829 7520859.32067711 0 1
785484.724104572 7520859.31655463 0 1
785483.730233447 7520859.31466021 0 1
785482.736131344 7520859.31487555 0 1
785481.741704996 7520859.31706780 0 1
785480.746877178 7520859.32109324 0 1
785479.751585789 7520859.32680057 0 1
785478.755782840 7520859.33403402 0 1
785477.759433362 7520859.34263597 0 1
785476.762514283 7520859.35244943 0 1
785475.765013271 7520859.36332007 0 1
785474.766927570 7520859.37509809 0 1
785473.768262858 7520859.38763969 0 1
785472.769032117 7520859.40080832 0 1
785471.769254551 7520859.41447570 0 1
785470.768954551 7520859.42852251 0 1
785469.768160711 7520859.44283901 0 1
785468.766904914 7520859.45732530 0 1
785467.765221484 7520859.47189151 0 1
785466.763146406 7520859.48645782 0 1
785465.760716623 7520859.50095430 0 1
785464.757969410 7520859.51532062 0 1
785463.754941812 7520859.52950577 0 1
785462.751670161 7520859.54346754 0 1
785461.748189666 7520859.55717204 0 1
785460.744534060 7520859.57059317 0 1
785459.740735318 7520859.58371194 0 1
785458.736823434 7520859.59651593 0 1
785457.732826249 7520859.60899861 0 1
785456.728769334 7520859.62115869 0 1
785455.724675918 7520859.63299951 0 1
785454.720566856 7520859.64452842 0 1
785453.716460635 7520859.65575616 0 1
785452.712373412 7520859.66669632 0 1
785451.708319079 7520859.67736477 0 1
785450.704309351 7520859.68777918 0 1
785449.700353873 7520859.69795855 0 1
785448.696460347 7520859.70792277 0 1
785447.692634662 7520859.71769224 0 1
785446.688881037 7520859.72728753 0 1
785445.685202174 7520859.73672907 0 1
785444.681599405 7520859.74603688 0 1
785443.678072843 7520859.75523037 0 1
785442.674621534 7520859.76432809 0 1
785441.671243601 7520859.77334765 0 1
785440.667936384 7520859.78230554 0 1
785439.664696575 7520859.79121707 0 1
785438.661520343 7520859.80009629 0 1
785437.658403451 7520859.80895595 0 1
785436.655341368 7520859.81780750 0 1
785435.652329366 7520859.82666107 0 1
785434.649362609 7520859.83552552 0 1
785433.646436236 7520859.84440846 0 1
785432.643545428 7520859.85331630 0 1
785431.640685472 7520859.86225430 0 1
785430.637851812 7520859.87122667 0 1
785429.635040093 7520859.88023660 0 1
785428.632246197 7520859.88928639 0 1
785427.629466267 7520859.89837749 0 1
785426.626696735 7520859.90751059 0 1
785425.623934327 7520859.91668574 0 1
785424.621176079 7520859.92590237 0 1
785423.618419336 7520859.93515944 0 1
785422.615661750 7520859.94445544 0 1
785421.612901279 7520859.95378855 0 1
785420.610136169 7520859.96315663 0 1
785419.607364952 7520859.97255734 0 1
785418.604586425 7520859.98198818 0 1
785417.601799633 7520859.99144652 0 1
785416.599003857 7520860.00092970 0 1
785415.596198589 7520860.01043503 0 1
785414.593383518 7520860.01995987 0 1
785413.590558503 7520860.02950161 0 1
785412.587723562 7520860.03905775 0 1
785411.584878846 7520860.04862588 0 1
785410.582024623 7520860.05820374 0 1
785409.579161259 7520860.06778920 0 1
785408.576289202 7520860.07738031 0 1
785407.573408964 7520860.08697528 0 1
785406.570521107 7520860.09657246 0 1
785405.567626228 7520860.10617041 0 1
785404.564724949 7520860.11576783 0 1
785403.561817902 7520860.12536361 0 1
785402.558905720 7520860.13495678 0 1
785401.555989030 7520860.14454655 0 1
785400.553068442 7520860.15413226 0 1
785399.550144547 7520860.16371339 0 1
785398.547217906 7520860.17328954 0 1
785397.544289049 7520860.18286045 0 1
785396.541358472 7520860.19242594 0 1
785395.538426632 7520860.20198594 0 1
785394.535493948 7520860.21154047 0 1
785393.532560798 7520860.22108961 0 1
785392.529627519 7520860.23063351 0 1
785391.526694411 7520860.24017238 0 1
785390.523761730 7520860.24970647 0 1
785389.520829699 7520860.25923605 0 1
785388.517898500 7520860.26876145 0 1
785387.514968284 7520860.27828299 0 1
785386.512039168 7520860.28780101 0 1
785385.509111241 7520860.29731586 0 1
785384.506184563 7520860.30682790 0 1
785383.503259170 7520860.31633747 0 1
785382.500335074 7520860.32584490 0 1
785381.497412271 7520860.33535052 0 1
785380.494490737 7520860.34485464 0 1
785379.491570434 7520860.35435755 0 1
785378.488651312 7520860.36385952 0 1
785377.485733311 7520860.37336081 0 1
785376.482816361 7520860.38286164 0 1
785375.479900390 7520860.39236222 0 1
785374.476985318 7520860.40186274 0 1
785373.474071063 7520860.41136337 0 1
785372.471157543 7520860.42086423 0 1
785371.468244676 7520860.43036546 0 1
785370.465332380 7520860.43986716 0 1
785369.462420575 7520860.44936940 0 1
785368.459509187 7520860.45887226 0 1
785367.456598141 7520860.46837577 0 1
785366.453687371 7520860.47787997 0 1
785365.450776812 7520860.48738487 0 1
785364.447866405 7520860.49689050 0 1
785363.444956098 7520860.50639684 0 1
785362.442045842 7520860.51590388 0 1
785361.439135594 7520860.52541159 0 1
785360.436225316 7520860.53491996 0 1
785359.433314976 7520860.54442894 0 1
785358.430404546 7520860.55393850 0 1
785357.427494002 7520860.56344860 0 1
785356.424583327 7520860.57295919 0 1
785355.421672505 7520860.58247023 0 1
785354.418761526 7520860.59198167 0 1
785353.415850383 7520860.60149347 0 1
785352.412939072 7520860.61100559 0 1
785351.410027591 7520860.62051798 0 1
785350.407115942 7520860.63003059 0 1
785349.404204129 7520860.63954339 0 1
785348.401292156 7520860.64905635 0 1
785347.398380031 7520860.65856942 0 1
785346.395467762 7520860.66808257 0 1
785345.392555357 7520860.67759577 0 1
785344.389642827 7520860.68710900 0 1
785343.386730182 7520860.69662224 0 1
785342.383817432 7520860.70613546 0 1
785341.380904589 7520860.71564864 0 1
785340.377991663 7520860.72516177 0 1
785339.375078665 7520860.73467484 0 1
785338.372165605 7520860.74418784 0 1
785337.369252492 7520860.75370075 0 1
785336.366339337 7520860.76321357 0 1
785335.363426148 7520860.77272631 0 1
785334.360512933 7520860.78223894 0 1
785333.357599699 7520860.79175149 0 1
785332.354686454 7520860.80126395 0 1
785331.351773204 7520860.81077631 0 1
785330.348859953 7520860.82028859 0 1
785329.345946708 7520860.82980078 0 1
785328.343033471 7520860.83931289 0 1
785327.340120247 7520860.84882493 0 1
785326.337207038 7520860.85833690 0 1
785325.334293847 7520860.86784881 0 1
785324.331380675 7520860.87736066 0 1
785323.328467524 7520860.88687245 0 1
785322.325554395 7520860.89638420 0 1
785321.322641287 7520860.90589591 0 1
785320.319728109 7520860.91538592 0 1
785319.316831996 7520860.92409793 0 1
785318.314059160 7520860.93029907 0 1
785317.311541724 7520860.93250941 0 1
785316.309230547 7520860.93056186 0 1
785315.307061859 7520860.92497444 0 1
785314.304977811 7520860.91625321 0 1
785313.302926556 7520860.90488487 0 1
785312.300862217 7520860.89133243 0 1
785311.298744783 7520860.87603173 0 1
785310.296539936 7520860.85938881 0 1
785309.294218820 7520860.84177793 0 1
785308.291757765 7520860.82354037 0 1
785307.289137969 7520860.80498380 0 1
785306.286345156 7520860.78638215 0 1
785305.283369213 7520860.76797605 0 1
785304.280203814 7520860.74997360 0 1
785303.276846038 7520860.73255151 0 1
785302.273295987 7520860.71585659 0 1
785301.269556410 7520860.70000737 0 1
785300.265632339 7520860.68509600 0 1
785299.261530733 7520860.67119025 0 1
785298.257260145 7520860.65833557 0 1
785297.252830407 7520860.64655722 0 1
785296.248252334 7520860.63586246 0 1
785295.243537450 7520860.62624265 0 1
785294.238697748 7520860.61767537 0 1
785293.233745459 7520860.61012638 0 1
785292.228692857 7520860.60355162 0 1
785291.223552081 7520860.59789901 0 1
785290.218334987 7520860.59311017 0 1
785289.213053017 7520860.58912200 0 1
785288.207717093 7520860.58586813 0 1
785287.202337530 7520860.58328028 0 1
785286.196923968 7520860.58128940 0 1
785285.191485322 7520860.57982674 0 1
785284.186029750 7520860.57882478 0 1
785283.180564634 7520860.57821798 0 1
785282.175096572 7520860.57794345 0 1
785281.169631385 7520860.57794150 0 1
785280.164174134 7520860.57815608 0 1
785279.158729143 7520860.57853506 0 1
785278.153300028 7520860.57903054 0 1
785277.147889741 7520860.57959890 0 1
785276.142500605 7520860.58020094 0 1
785275.137134364 7520860.58080186 0 1
785274.131792227 7520860.58137117 0 1
785273.126474923 7520860.58188260 0 1
785272.121182744 7520860.58231394 0 1
785271.115915600 7520860.58264685 0 1
785270.110673066 7520860.58286660 0 1
785269.105454428 7520860.58296187 0 1
785268.100258730 7520860.58292446 0 1
785267.095084818 7520860.58274902 0 1
785266.089931380 7520860.58243278 0 1
785265.084796981 7520860.58197525 0 1
785264.079680103 7520860.58137796 0 1
785263.074579173 7520860.58064419 0 1
785262.069492591 7520860.57977869 0 1
785261.064418758 7520860.57878746 0 1
785260.059356097 7520860.57767747 0 1
785259.054303071 7520860.57645650 0 1
785258.049258201 7520860.57513288 0 1
785257.044220078 7520860.57371533 0 1
785256.039187374 7520860.57221280 0 1
785255.034158852 7520860.57063430 0 1
785254.029133368 7520860.56898876 0 1
785253.024109880 7520860.56728497 0 1
785252.019087446 7520860.56553138 0 1
785251.014065227 7520860.56373614 0 1
785250.009042486 7520860.56190693 0 1
785249.004018581 7520860.56005096 0 1
785247.998992970 7520860.55817491 0 1
785246.993965199 7520860.55628491 0 1
785245.988934901 7520860.55438653 0 1
785244.983901790 7520860.55248477 0 1
785243.978865652 7520860.55058404 0 1
785242.973826345 7520860.54868820 0 1
785241.968783785 7520860.54680057 0 1
785240.963737947 7520860.54492395 0 1
785239.958688850 7520860.54306061 0 1
785238.953636559 7520860.54121237 0 1
785237.948581176 7520860.53938064 0 1
785236.943522829 7520860.53756639 0 1
785235.938461675 7520860.53577026 0 1
785234.933397888 7520860.53399253 0 1
785233.928331659 7520860.53223321 0 1
785232.923263187 7520860.53049205 0 1
785231.918192679 7520860.52876858 0 1
785230.913120343 7520860.52706214 0 1
785229.908046387 7520860.52537193 0 1
785228.902971017 7520860.52369699 0 1
785227.897894432 7520860.52203631 0 1
785226.892816822 7520860.52038878 0 1
785225.887738369 7520860.51875326 0 1
785224.882659245 7520860.51712858 0 1
785223.877579608 7520860.51551356 0 1
785222.872499605 7520860.51390705 0 1
785221.867419368 7520860.51230789 0 1
785220.862339019 7520860.51071501 0 1
785219.857258662 7520860.50912734 0 1
785218.852178393 7520860.50754389 0 1
785217.847098291 7520860.50596376 0 1
785216.842018425 7520860.50438606 0 1
785215.836938852 7520860.50281002 0 1
785214.831859618 7520860.50123494 0 1
785213.826780758 7520860.49966016 0 1
785212.821702296 7520860.49808514 0 1
785211.816624251 7520860.49650938 0 1
785210.811546632 7520860.49493246 0 1
785209.806469441 7520860.49335405 0 1
785208.801392673 7520860.49177384 0 1
785207.796316319 7520860.49019163 0 1
785206.791240366 7520860.48860723 0 1
785205.786164795 7520860.48702052 0 1
785204.781089586 7520860.48543145 0 1
785203.776014715 7520860.48383997 0 1
785202.770940157 7520860.48224609 0 1
785201.765865887 7520860.48064986 0 1
785200.760791876 7520860.47905133 0 1
785199.755718097 7520860.47745060 0 1
785198.750644525 7520860.47584778 0 1
785197.745571131 7520860.47424299 0 1
785196.740497891 7520860.47263637 0 1
785195.735424779 7520860.47102807 0 1
785194.730351772 7520860.46941823 0 1
785193.725278848 7520860.46780700 0 1
785192.720205988 7520860.46619455 0 1
785191.715133170 7520860.46458103 0 1
785190.710060380 7520860.46296657 0 1
785189.704987602 7520860.46135132 0 1
785188.699914822 7520860.45973542 0 1
785187.694842028 7520860.45811900 0 1
785186.689769210 7520860.45650217 0 1
785185.684696360 7520860.45488505 0 1
785184.679623470 7520860.45326773 0 1
785183.674550535 7520860.45165031 0 1
785182.669477550 7520860.45003286 0 1
785181.664404512 7520860.44841545 0 1
785180.659331420 7520860.44679815 0 1
785179.654258272 7520860.44518101 0 1
785178.649185069 7520860.44356408 0 1
785177.644111811 7520860.44194739 0 1
785176.639038499 7520860.44033096 0 1
785175.633965135 7520860.43871483 0 1
785174.628891722 7520860.43709900 0 1
785173.623818262 7520860.43548349 0 1
785172.618744758 7520860.43386828 0 1
785171.613671215 7520860.43225339 0 1
785170.608597635 7520860.43063881 0 1
785169.603524022 7520860.42902452 0 1
785168.598450379 7520860.42741052 0 1
785167.593376710 7520860.42579679 0 1
785166.588303018 7520860.42418331 0 1
785165.583229307 7520860.42257006 0 1
785164.578155580 7520860.42095703 0 1
785163.573081840 7520860.41934419 0 1
785162.568008089 7520860.41773153 0 1
785161.562934331 7520860.41611903 0 1
785160.557860568 7520860.41450666 0 1
785159.552786801 7520860.41289441 0 1
785158.547713034 7520860.41128226 0 1
785157.542639267 7520860.40967019 0 1
785156.537565502 7520860.40805818 0 1
785155.532491740 7520860.40644622 0 1
785154.527417983 7520860.40483430 0 1
785153.522344231 7520860.40322240 0 1
785152.517270486 7520860.40161052 0 1
785151.512196746 7520860.39999864 0 1
785150.507123014 7520860.39838675 0 1
785149.502049289 7520860.39677485 0 1
785148.496975571 7520860.39516292 0 1
785147.491901861 7520860.39355096 0 1
785146.486828157 7520860.39193897 0 1
785145.481754461 7520860.39032695 0 1
785144.476680771 7520860.38871489 0 1
785143.471607088 7520860.38710278 0 1
785142.466533411 7520860.38549064 0 1
785141.461459739 7520860.38387845 0 1
785140.456386073 7520860.38226623 0 1
785139.451312411 7520860.38065396 0 1
785138.446238754 7520860.37904165 0 1
785137.441165100 7520860.37742931 0 1
785136.436091449 7520860.37581694 0 1
785135.431017802 7520860.37420453 0 1
785134.425944156 7520860.37259209 0 1
785133.420870513 7520860.37097962 0 1
785132.415796872 7520860.36936713 0 1
785131.410723232 7520860.36775461 0 1
785130.405649592 7520860.36614208 0 1
785129.400575953 7520860.36452952 0 1
785128.395502315 7520860.36291695 0 1
785127.390428677 7520860.36130437 0 1
785126.385355038 7520860.35969178 0 1
785125.380281399 7520860.35807918 0 1
785124.375207760 7520860.35646658 0 1
785123.370134120 7520860.35485397 0 1
785122.365060479 7520860.35324136 0 1
785121.359986838 7520860.35162875 0 1
785120.354913195 7520860.35001614 0 1
785119.349840549 7520860.34850600 0 1
785118.344842761 7520860.34701509 0 1
785117.339826091 7520860.34470902 0 1
785116.334710159 7520860.34084211 0 1
785115.329425920 7520860.33478270 0 1
785114.323915212 7520860.32600772 0 1
785113.318130215 7520860.31409650 0 1
785112.312032830 7520860.29872390 0 1
785111.305594001 7520860.27965294 0 1
785110.298792995 7520860.25672718 0 1
785109.291616661 7520860.22986291 0 1
785108.284058670 7520860.19904126 0 1
785107.276118754 7520860.16430045 0 1
785106.267801967 7520860.12572820 0 1
785105.259117947 7520860.08345434 0 1
785104.250080219 7520860.03764383 0 1
785103.240705525 7520859.98849013 0 1
785102.231013194 7520859.93620896 0 1
785101.221024555 7520859.88103258 0 1
785100.210762392 7520859.82320450 0 1
785099.200250449 7520859.76297478 0 1
785098.189512985 7520859.70059568 0 1
785097.178574371 7520859.63631795 0 1
785096.167458741 7520859.57038753 0 1
785095.156189687 7520859.50304274 0 1
785094.144790001 7520859.43451195 0 1
785093.133281456 7520859.36501160 0 1
785092.121684633 7520859.29474477 0 1
785091.110018786 7520859.22389995 0 1
785090.098301736 7520859.15265025 0 1
785089.086549803 7520859.08115297 0 1
785088.074777769 7520859.00954931 0 1
785087.062998861 7520858.93796446 0 1
785086.051224763 7520858.86650782 0 1
785085.039465643 7520858.79527347 0 1
785084.027730204 7520858.72434076 0 1
785083.016025740 7520858.65377503 0 1
785082.004358216 7520858.58362844 0 1
785080.992732342 7520858.51394088 0 1
785079.981151674 7520858.44474098 0 1
785078.969618697 7520858.37604703 0 1
785077.958134930 7520858.30786809 0 1
785076.946701024 7520858.24020496 0 1
785075.935316857 7520858.17305120 0 1
785074.923981638 7520858.10639412 0 1
785073.912693108 7520858.04023087 0 1
785072.901426330 7520857.97527327 0 1
785071.890191631 7520857.91323452 0 1
785070.879117308 7520857.85667534 0 1
785069.868519702 7520857.80885067 0 1
785068.858845885 7520857.77245766 0 1
785067.849810794 7520857.74869223 0 1
785066.841031926 7520857.73728188 0 1
785065.832137576 7520857.73671199 0 1
785064.822807025 7520857.74521092 0 1
785063.812765335 7520857.76110115 0 1
785062.801781476 7520857.78281078 0 1
785061.789666085 7520857.80888221 0 1
785060.776268919 7520857.83797811 0 1
785059.761476087 7520857.86888505 0 1
785058.745207118 7520857.90051494 0 1
785057.727411938 7520857.93190449 0 1
785056.708067791 7520857.96221313 0 1
785055.687176171 7520857.99071943 0 1
785054.664759793 7520858.01681627 0 1
785053.640859654 7520858.04000512 0 1
785052.615532196 7520858.05988944 0 1
785051.588846612 7520858.07616756 0 1
785050.560882311 7520858.08862509 0 1
785049.531726550 7520858.09712706 0 1
785048.501472256 7520858.10160995 0 1
785047.470216038 7520858.10207370 0 1
785046.438056393 7520858.09857388 0 1
785045.405088766 7520858.09156470 0 1
785044.371876629 7520858.08202605 0 1
785043.337659995 7520858.07089208 0 1
785042.301786955 7520858.05900325 0 1
785041.263709303 7520858.04710632 0 1
785040.222977270 7520858.03585560 0 1
785039.179233545 7520858.02581541 0 1
785038.132206763 7520858.01746335 0 1
785037.081701145 7520858.01097605 0 1
785036.027620363 7520858.00531058 0 1
785034.970060602 7520857.99826517 0 1
785033.909393400 7520857.98666905 0 1
785032.846332690 7520857.96657129 0 1
785031.783124622 7520857.93396069 0 1
785030.721670747 7520857.88422201 0 1
785029.664190848 7520857.81253146 0 1
785028.612839634 7520857.71455034 0 1
785027.569420005 7520857.58684134 0 1
785026.535401707 7520857.42680436 0 1
785025.511942285 7520857.23260879 0 1
785024.499909761 7520857.00312343 0 1
785023.499906499 7520856.73784546 0 1
785022.512293801 7520856.43682958 0 1
785021.537216776 7520856.10061809 0 1
785020.574629128 7520855.73017301 0 1
785019.624317512 7520855.32681075 0 1
785018.685925194 7520854.89213996 0 1
785017.758974750 7520854.42800308 0 1
785016.842889629 7520853.93642188 0 1
785015.937014414 7520853.41954724 0 1
785015.040633662 7520852.87961342 0 1
785014.153179060 7520852.31862635 0 1
785013.274722122 7520851.73773229 0 1
785012.405987665 7520851.13733897 0 1
785011.548331106 7520850.51726829 0 1
785010.703704184 7520849.87690357 0 1
785009.874610607 7520849.21532948 0 1
785009.064304664 7520848.53200939 0 1
785008.276322241 7520847.82622924 0 1
785007.514478026 7520847.09729431 0 1
785006.782804839 7520846.34461816 0 1
785006.085490951 7520845.56780077 0 1
785005.426816423 7520844.76669586 0 1
785004.810754541 7520843.94146801 0 1
785004.240222615 7520843.09259440 0 1
785003.717146546 7520842.22082019 0 1
785003.242557042 7520841.32711501 0 1
785002.816686301 7520840.41263172 0 1
785002.439063745 7520839.47866780 0 1
785002.108609630 7520838.52662940 0 1
785001.823725472 7520837.55799849 0 1
785001.582380443 7520836.57430294 0 1
785001.382193049 7520835.57708965 0 1
785001.220507532 7520834.56790087 0 1
785001.094464596 7520833.54825339 0 1
785001.001066192 7520832.51962071 0 1
785000.937234184 7520831.48341804 0 1
785000.899862864 7520830.44098994 0 1
785000.885865329 7520829.39360046 0 1
785000.892213860 7520828.34242564 0 1
785000.915974471 7520827.28854816 0 1
785000.954335885 7520826.23295392 0 1
785001.004633222 7520825.17653037 0 1
785001.064366719 7520824.12006646 0 1
785001.131215853 7520823.06425396 0 1
785001.203049232 7520822.00968986 0 1
785001.277930644 7520820.95687991 0 1
785001.354121654 7520819.90624294 0 1
785001.430081144 7520818.85811577 0 1
785001.504462185 7520817.81275881 0 1
785001.576106601 7520816.77036183 0 1
785001.644037605 7520815.73105015 0 1
785001.707450830 7520814.69489089 0 1
785001.765704091 7520813.66189922 0 1
785001.818306172 7520812.63204461 0 1
785001.864904912 7520811.60525693 0 1
785001.905274843 7520810.58143229 0 1
785001.939304611 7520809.56043870 0 1
785001.966984374 7520808.54212136 0 1
785001.988393358 7520807.52630761 0 1
785002.003687725 7520806.51281158 0 1
785002.013088874 7520805.50143835 0 1
785002.016872298 7520804.49198779 0 1
785002.015357068 7520803.48425798 0 1
785002.008896016 7520802.47804820 0 1
785001.997866674 7520801.47316161 0 1
785001.982662985 7520800.46940742 0 1
785001.963687826 7520799.46660283 0 1
785001.941346320 7520798.46457457 0 1
785001.916039959 7520797.46316009 0 1
785001.888161495 7520796.46220850 0 1
785001.858090593 7520795.46158118 0 1
785001.826190199 7520794.46115225 0 1
785001.792803590 7520793.46080863 0 1
785001.758252065 7520792.46045013 0 1
785001.722833218 7520791.45998913 0 1
785001.686819768 7520790.45935032 0 1
785001.650458858 7520789.45847016 0 1
785001.613971815 7520788.45729635 0 1
785001.577554279 7520787.45578712 0 1
785001.541376687 7520786.45391050 0 1
785001.505585033 7520785.45164359 0 1
785001.470301881 7520784.44897172 0 1
785001.435627569 7520783.44588763 0 1
785001.401641581 7520782.44239068 0 1
785001.368404025 7520781.43848601 0 1
785001.335957209 7520780.43418375 0 1
785001.304327256 7520779.42949831 0 1
785001.273525752 7520778.42444758 0 1
785001.243551386 7520777.41905231 0 1
785001.214391567 7520776.41333543 0 1
785001.186023995 7520775.40732149 0 1
785001.158418173 7520774.40103611 0 1
785001.131536846 7520773.39450547 0 1
785001.105337351 7520772.38775591 0 1
785001.079772882 7520771.38081354 0 1
785001.054793646 7520770.37370390 0 1
785001.030347924 7520769.36645167 0 1
785001.006383028 7520768.35908046 0 1
785000.982846145 7520767.35161258 0 1
785000.959685087 7520766.34406892 0 1
785000.936848932 7520765.33646884 0 1
785000.914288577 7520764.32883008 0 1
785000.891957185 7520763.32116870 0 1
785000.869810558 7520762.31349909 0 1
785000.847807419 7520761.30583398 0 1
785000.825909620 7520760.29818446 0 1
785000.804082285 7520759.29056001 0 1
785000.782293883 7520758.28296862 0 1
785000.760516253 7520757.27541679 0 1
785000.738724576 7520756.26790972 0 1
785000.716897300 7520755.26045130 0 1
785000.695016040 7520754.25304428 0 1
785000.673065433 7520753.24569038 0 1
785000.651032981 7520752.23839034 0 1
785000.628873859 7520751.23114512 0 1
785000.606313063 7520750.22406107 0 1
785000.583089261 7520749.21662818 0 1
785000.558982679 7520748.20840448 0 1
785000.533812990 7520747.19901369 0 1
785000.507436923 7520746.18814232 0 1
785000.479745649 7520745.17553623 0 1
785000.450662023 7520744.16099674 0 1
785000.420137723 7520743.14437656 0 1
785000.388150344 7520742.12557544 0 1
785000.354700499 7520741.10453571 0 1
785000.319808959 7520740.08123784 0 1
785000.283513865 7520739.05569592 0 1
785000.245868048 7520738.02795339 0 1
785000.206936479 7520736.99807871 0 1
785000.166793865 7520735.96616138 0 1
785000.125522409 7520734.93230804 0 1
785000.083209745 7520733.89663893 0 1
785000.039947049 7520732.85928449 0 1
784999.995827343 7520731.82038231 0 1
784999.950943977 7520730.78007435 0 1
784999.905389297 7520729.73850442 0 1
784999.859253493 7520728.69581597 0 1
784999.812623618 7520727.65215015 0 1
784999.765582770 7520726.60764412 0 1
784999.718774776 7520725.56302136 0 1
784999.673860201 7520724.51876279 0 1
784999.633369314 7520723.47541075 0 1
784999.600545900 7520722.43364047 0 1
784999.579193761 7520721.39431964 0 1
784999.573457464 7520720.35852537 0 1
784999.586954796 7520719.32723452 0 1
784999.622589122 7520718.30124059 0 1
784999.682597756 7520717.28116548 0 1
784999.768603546 7520716.26747213 0 1
784999.881668574 7520715.26047782 0 1
785000.022348954 7520714.26036783 0 1
785000.190749842 7520713.26720926 0 1
785000.386579863 7520712.28096470 0 1
785000.609204288 7520711.30150574 0 1
785000.857696359 7520710.32862599 0 1
785001.130886304 7520709.36205365 0 1
785001.427407634 7520708.40146331 0 1
785001.745740429 7520707.44648716 0 1
785002.084251372 7520706.49672527 0 1
785002.441230406 7520705.55175516 0 1
785002.814962526 7520704.61115710 0 1
785003.204454563 7520703.67484925 0 1
785003.609590603 7520702.74323383 0 1
785004.030861296 7520701.81735953 0 1
785004.469563638 7520700.89846459 0 1
785004.927431269 7520699.98830110 0 1
785005.406217405 7520699.08879636 0 1
785005.907176254 7520698.20149967 0 1
785006.431099853 7520697.32759946 0 1
785006.978364379 7520696.46795155 0 1
785007.548976485 7520695.62310852 0 1
785008.142618998 7520694.79334966 0 1
785008.758695439 7520693.97871098 0 1
785009.396372888 7520693.17901483 0 1
785010.054622805 7520692.39389886 0 1
785010.732259508 7520691.62284391 0 1
785011.427976043 7520690.86520065 0 1
785012.140377296 7520690.12021466 0 1
785012.868010222 7520689.38704991 0 1
785013.609391123 7520688.66481043 0 1
785014.363029971 7520687.95256015 0 1
785015.127451811 7520687.24934080 0 1
785015.901215295 7520686.55418792 0 1
785016.682928458 7520685.86614499 0 1
785017.471261855 7520685.18427565 0 1
785018.265175014 7520684.50792002 0 1
785019.064370067 7520683.83728156 0 1
785019.868847148 7520683.17357139 0 1
785020.679117454 7520682.51866751 0 1
785021.496015118 7520681.87507475 0 1
785022.320567474 7520681.24584582 0 1
785023.153876341 7520680.63449853 0 1
785023.997011105 7520680.04493030 0 1
785024.850914124 7520679.48133156 0 1
785025.716319041 7520678.94799116 0 1
785026.593713351 7520678.44841460 0 1
785027.483358269 7520677.98520587 0 1
785028.385313159 7520677.56014312 0 1
785029.299459729 7520677.17425642 0 1
785030.225525678 7520676.82790622 0 1
785031.163107556 7520676.52086133 0 1
785032.111692592 7520676.25237544 0 1
785033.070679339 7520676.02126129 0 1
785034.039396982 7520675.82596174 0 1
785035.017123217 7520675.66461712 0 1
785036.003100621 7520675.53512851 0 1
785036.996551488 7520675.43521636 0 1
785037.996691094 7520675.36247446 0 1
785039.002739430 7520675.31441889 0 1
785040.013931407 7520675.28853205 0 1
785041.029525588 7520675.28230161 0 1
785042.048811517 7520675.29325468 0 1
785043.071115711 7520675.31898709 0 1
785044.095806389 7520675.35718813 0 1
785045.122297050 7520675.40566095 0 1
785046.150048975 7520675.46233887 0 1
785047.178572753 7520675.52529778 0 1
785048.207428948 7520675.59276513 0 1
785049.236227982 7520675.66312566 0 1
785050.264629347 7520675.73492427 0 1
785051.292340232 7520675.80686628 0 1
785052.319113668 7520675.87781546 0 1
785053.344746257 7520675.94679013 0 1
785054.369075593 7520676.01295759 0 1
785055.391977425 7520676.07562716 0 1
785056.413362649 7520676.13424214 0 1
785057.433174184 7520676.18837091 0 1
785058.451383794 7520676.23769743 0 1
785059.467988904 7520676.28201123 0 1
785060.483009456 7520676.32119727 0 1
785061.496484841 7520676.35522574 0 1
785062.508470945 7520676.38414184 0 1
785063.519037333 7520676.40805591 0 1
785064.528264589 7520676.42713382 0 1
785065.536241836 7520676.44158779 0 1
785066.543064447 7520676.45166769 0 1
785067.548831949 7520676.45765297 0 1
785068.553646133 7520676.45984507 0 1
785069.557609361 7520676.45856057 0 1
785070.560823086 7520676.45412489 0 1
785071.563386555 7520676.44686673 0 1
785072.565395713 7520676.43711312 0 1
785073.566942283 7520676.42518505 0 1
785074.568113019 7520676.41139385 0 1
785075.568989128 7520676.39603802 0 1
785076.569645825 7520676.37940073 0 1
785077.570152041 7520676.36174776 0 1
785078.570570247 7520676.34332603 0 1
785079.570956390 7520676.32436249 0 1
785080.571359925 7520676.30506346 0 1
785081.571823941 7520676.28561432 0 1
785082.572385349 7520676.26617958 0 1
785083.573075137 7520676.24690315 0 1
785084.573918679 7520676.22790890 0 1
785085.574936077 7520676.20930147 0 1
785086.576142535 7520676.19116718 0 1
785087.577548758 7520676.17357508 0 1
785088.579161363 7520676.15657819 0 1
785089.580983289 7520676.14021471 0 1
785090.583014215 7520676.12450936 0 1
785091.585250972 7520676.10947467 0 1
785092.587687931 7520676.09511236 0 1
785093.590317394 7520676.08141461 0 1
785094.593129954 7520676.06836540 0 1
785095.596114835 7520676.05594172 0 1
785096.599260214 7520676.04411473 0 1
785097.602553512 7520676.03285095 0 1
785098.605981663 7520676.02211322 0 1
785099.609531353 7520676.01186174 0 1
785100.613189239 7520676.00205489 0 1
785101.616942134 7520675.99265007 0 1
785102.620777168 7520675.98360439 0 1
785103.624681934 7520675.97487532 0 1
785104.628644594 7520675.96642120 0 1
785105.632653979 7520675.95820174 0 1
785106.636699656 7520675.95017840 0 1
785107.640771984 7520675.94231470 0 1
785108.644862146 7520675.93457647 0 1
785109.648962174 7520675.92693204 0 1
785110.653064948 7520675.91935236 0 1
785111.657164193 7520675.91181111 0 1
785112.661254463 7520675.90428467 0 1
785113.665331108 7520675.89675215 0 1
785114.669390244 7520675.88919534 0 1
785115.673428710 7520675.88159862 0 1
785116.677444023 7520675.87394887 0 1
785117.681434330 7520675.86623529 0 1
785118.685398349 7520675.85844934 0 1
785119.689335325 7520675.85058454 0 1
785120.693244968 7520675.84263627 0 1
785121.697127404 7520675.83460168 0 1
785122.700983119 7520675.82647943 0 1
785123.704812906 7520675.81826958 0 1
785124.708617823 7520675.80997340 0 1
785125.712399138 7520675.80159317 0 1
785126.716158288 7520675.79313208 0 1
785127.719896841 7520675.78459402 0 1
785128.723616453 7520675.77598347 0 1
785129.727318838 7520675.76730538 0 1
785130.731005737 7520675.75856498 0 1
785131.734678888 7520675.74976775 0 1
785132.738340003 7520675.74091925 0 1
785133.741990751 7520675.73202508 0 1
785134.745632736 7520675.72309077 0 1
785135.749267484 7520675.71412172 0 1
785136.752896433 7520675.70512314 0 1
785137.756520922 7520675.69610001 0 1
785138.760142187 7520675.68705702 0 1
785139.763761355 7520675.67799857 0 1
785140.767379443 7520675.66892871 0 1
785141.770997354 7520675.65985116 0 1
785142.774615884 7520675.65076928 0 1
785143.778235723 7520675.64168607 0 1
785144.781857455 7520675.63260419 0 1
785145.785481566 7520675.62352593 0 1
785146.789108449 7520675.61445327 0 1
785147.792738411 7520675.60538785 0 1
785148.796371676 7520675.59633102 0 1
785149.800008397 7520675.58728383 0 1
785150.803648659 7520675.57824708 0 1
785151.807292488 7520675.56922131 0 1
785152.810939856 7520675.56020685 0 1
785153.814590692 7520675.55120385 0 1
785154.818244883 7520675.54221225 0 1
785155.821902286 7520675.53323186 0 1
785156.825562730 7520675.52426235 0 1
785157.829226023 7520675.51530330 0 1
785158.832891959 7520675.50635417 0 1
785159.836560318 7520675.49741436 0 1
785160.840230877 7520675.48848323 0 1
785161.843903408 7520675.47956007 0 1
785162.847577685 7520675.47064417 0 1
785163.851253486 7520675.46173481 0 1
785164.854930594 7520675.45283125 0 1
785165.858608802 7520675.44393277 0 1
785166.862287914 7520675.43503868 0 1
785167.865967744 7520675.42614831 0 1
785168.869648120 7520675.41726100 0 1
785169.873328885 7520675.40837616 0 1
785170.877009894 7520675.39949322 0 1
785171.880691018 7520675.39061166 0 1
785172.884372141 7520675.38173101 0 1
785173.888053164 7520675.37285083 0 1
785174.891733999 7520675.36397076 0 1
785175.895414572 7520675.35509044 0 1
785176.899094823 7520675.34620959 0 1
785177.902774703 7520675.33732797 0 1
785178.906454175 7520675.32844536 0 1
785179.910133210 7520675.31956159 0 1
785180.913811792 7520675.31067655 0 1
785181.917489910 7520675.30179013 0 1
785182.921167563 7520675.29290226 0 1
785183.924844757 7520675.28401291 0 1
785184.928521500 7520675.27512207 0 1
785185.932197810 7520675.26622974 0 1
785186.935873705 7520675.25733595 0 1
785187.939549208 7520675.24844076 0 1
785188.940782099 7520675.23956301 0 1
785189.939562640 7520675.23070289 0 1
785190.936708218 7520675.22185420 0 1
785191.933036223 7520675.21301075 0 1
785192.929364044 7520675.20416638 0 1
785193.926509068 7520675.19531488 0 1
785194.925288684 7520675.18645008 0 1
785195.926520282 7520675.17756579 0 1
785196.930194119 7520675.16866228 0 1
785197.933867956 7520675.15975877 0 1
785198.937541792 7520675.15085526 0 1
785199.941215629 7520675.14195175 0 1
785200.944889466 7520675.13304824 0 1
785201.948563302 7520675.12414473 0 1
785202.952237139 7520675.11524122 0 1
785203.955910976 7520675.10633771 0 1
785204.959584813 7520675.09743420 0 1
785205.963258650 7520675.08853069 0 1
785206.966932486 7520675.07962718 0 1
785207.970606323 7520675.07072367 0 1
785208.974280160 7520675.06182016 0 1
785209.977953997 7520675.05291665 0 1
785210.981627833 7520675.04401314 0 1
785211.985301670 7520675.03510963 0 1
785212.988975507 7520675.02620612 0 1
785213.992649343 7520675.01730261 0 1
785214.996323180 7520675.00839910 0 1
785216 7520675 0 1